		
356217.17	7513862.38	3048.03
355614.13	7513966.50	2996.16
355715.34	7513965.75	3004.05
355816.52	7513965.00	3012.21
355917.62	7513964.38	3024.47
356018.59	7513963.75	3035.72
356119.42	7513963.13	3046.63
355412.98	7514068.38	3000.04
355514.34	7514067.63	2999.13
355615.70	7514067.00	3003.83
355717.08	7514066.25	3010.49
355818.43	7514065.50	3015.7
355919.73	7514064.75	3026.8
356121.95	7514063.38	3054.48
356222.80	7514062.63	3063.78
355312.66	7514169.63	3026.35
355414.09	7514169.00	3017.5
355515.55	7514168.38	3011.58
355617.05	7514167.63	3011.7
355718.58	7514166.88	3018.09
355820.09	7514166.13	3025.02
355921.57	7514165.25	3034.93
356022.97	7514164.38	3048.93
356124.24	7514163.63	3061.98
356225.33	7514162.88	3069.13
355313.50	7514270.38	3042.74
355415.00	7514269.75	3032.21
355516.56	7514269.25	3026.27
355618.18	7514268.50	3027.55
355719.83	7514267.63	3032.61
355821.48	7514266.88	3037.79
355923.12	7514266.00	3045.41
356024.70	7514265.00	3056.96
356126.20	7514264.13	3067.09
356227.55	7514263.25	3071.68
355212.67	7514371.75	3063.86
355314.16	7514371.25	3057.37
355415.73	7514370.75	3047.45
355517.38	7514370.13	3042.72
355619.08	7514369.38	3043.13
355720.82	7514368.50	3045.99
355822.59	7514367.63	3050.05
355924.34	7514366.75	3055.56
356026.09	7514365.75	3062.93
356127.79	7514364.75	3068.98
356229.39	7514363.63	3071.78
356330.82	7514362.50	3073.23
355010.37	7514473.13	3072.83
355111.69	7514472.88	3070.49
355213.11	7514472.63	3072.85
355314.64	7514472.25	3069.56
355416.27	7514471.75	3060.28
355517.98	7514471.00	3055.98
355619.74	7514470.25	3055
355721.55	7514469.50	3056.55
355823.39	7514468.50	3059.99
355925.24	7514467.50	3063.11
356027.11	7514466.50	3065.77
356128.97	7514465.38	3068.2
356230.78	7514464.13	3070.27
356332.52	7514462.88	3071.66
354909.41	7514573.75	3083.57
355010.63	7514573.75	3079.96
355111.97	7514573.63	3078.25
355213.41	7514573.38	3077.75
355314.97	7514573.13	3072.86
355416.63	7514572.75	3065.19
355518.37	7514572.13	3062.9
355620.17	7514571.38	3062.88
355722.03	7514570.50	3064.19
355823.92	7514569.63	3066.36
355925.84	7514568.63	3067.16
356027.77	7514567.50	3066.59
356129.73	7514566.25	3066.43
356231.72	7514565.00	3067.59
356333.72	7514563.75	3068.97
356435.68	7514562.25	3069.72
356537.53	7514560.75	3070.29
354707.41	7514674.25	3102.41
354808.45	7514674.25	3094.58
354909.56	7514674.38	3087.65
355010.78	7514674.50	3085.02
355112.12	7514674.38	3082.68
355213.56	7514674.13	3076.74
355315.13	7514674.00	3069.95
355416.80	7514673.75	3065.35
355518.55	7514673.25	3064.92
355620.38	7514672.50	3065.59
355722.27	7514671.63	3067.05
355824.19	7514670.88	3068.9
355926.14	7514669.88	3069.16
356028.12	7514668.63	3067.61
356130.13	7514667.38	3065.84
356232.22	7514666.13	3065.46
356335.57	7514665.13	3066.33
356439.07	7514663.94	3067.7
356541.62	7514662.19	3069.55
356643.15	7514660.13	3071.88
356740.48	7514659.50	3076.36
356835.80	7514660.25	3080.55
354505.72	7514774.13	3120.91
354606.58	7514774.50	3116.6
354707.52	7514774.75	3108.59
354808.52	7514774.88	3100.19
354909.63	7514775.13	3093.94
355010.83	7514775.25	3088.39
355112.14	7514775.13	3081.98
355213.58	7514775.00	3074.74
355315.13	7514775.00	3069.18
355416.79	7514774.75	3065.88
355518.54	7514774.25	3064.21
355620.38	7514773.63	3063.64
355722.27	7514772.88	3065.22
355824.19	7514772.13	3068.64
355926.16	7514771.13	3071.09
356028.16	7514769.88	3070.91
356130.20	7514768.63	3068.99
356232.32	7514767.25	3067.08
356336.93	7514766.56	3066.32
356442.02	7514765.75	3067.45
356544.57	7514764.31	3069.2
356643.60	7514762.69	3073.58
356739.25	7514761.56	3078.67
356835.09	7514761.38	3083.35
354405.05	7514874.13	3122.06
354505.80	7514874.50	3121.66
354606.63	7514874.88	3119.62
354707.54	7514875.13	3112.68
354808.52	7514875.38	3104.56
354909.60	7514875.63	3098.18
355010.78	7514875.75	3090.59
355112.06	7514875.88	3083.49
355213.47	7514876.00	3078.88
355314.99	7514876.00	3074.73
355416.62	7514875.75	3069.23
355518.34	7514875.25	3063.81
355620.14	7514874.75	3061.17
355722.02	7514874.13	3062.75
355823.94	7514873.38	3067.98
355925.91	7514872.38	3073.7
356027.92	7514871.25	3076.85
356129.98	7514870.00	3076.43
356232.10	7514868.63	3073.4
356336.50	7514868.00	3070.23
356441.36	7514867.31	3069.54
356542.80	7514866.25	3071.72
356641.84	7514865.38	3074.82
356738.77	7514864.19	3079.81
356834.45	7514863.13	3083.68
356930.88	7514862.75	3087.51
357028.20	7514862.75	3091.76
357125.52	7514862.63	3096.55
354203.88	7514973.50	3126.2
354304.45	7514973.88	3124.34
354606.63	7514975.13	3119.46
354707.50	7514975.50	3112.64
354808.45	7514975.75	3105.41
354909.48	7514976.00	3099.28
355010.63	7514976.38	3093.53
355111.88	7514976.63	3089.43
355213.23	7514976.75	3086.59
355314.70	7514976.75	3082.33
355416.28	7514976.63	3074.42
355517.95	7514976.38	3065.56
355619.70	7514976.00	3061.35
355721.53	7514975.50	3062.94
355823.43	7514974.75	3068.68
355925.38	7514973.88	3076.23
356027.39	7514972.88	3082.55
356129.45	7514971.63	3084.47
356231.57	7514970.38	3081.32
356334.70	7514969.31	3076.3
356438.60	7514968.88	3073.01
356539.91	7514968.50	3072.89
356638.83	7514967.63	3073.71
356737.36	7514966.63	3076.26
356834.56	7514965.56	3079.06
356930.34	7514964.50	3083.12
357026.91	7514963.88	3088.68
357124.52	7514963.63	3094.65
357222.12	7514963.38	3099.71
354103.47	7515073.25	3129.26
354203.96	7515073.75	3127.36
354304.51	7515074.13	3125.2
354405.13	7515074.50	3123.55
354505.81	7515074.88	3120.92
354606.57	7515075.25	3116.38
354707.40	7515075.75	3111.07
354808.30	7515076.13	3106.35
354909.30	7515076.50	3102.33
355010.39	7515077.00	3098.72
355111.58	7515077.25	3096.18
355212.87	7515077.38	3093.83
355314.27	7515077.50	3089.04
355415.78	7515077.50	3079.75
355517.38	7515077.50	3069.11
355619.06	7515077.38	3064.13
355720.82	7515077.00	3065.69
355822.66	7515076.38	3071.01
355924.56	7515075.63	3078.77
356026.53	7515074.63	3086.56
356128.57	7515073.50	3090.31
356230.73	7515072.25	3087.82
356332.53	7515071.00	3082.17
356434.19	7515070.50	3077.55
356534.69	7515069.94	3072.72
356634.88	7515069.31	3070.47
356735.00	7515068.75	3070.81
356833.68	7515067.81	3072.5
356930.82	7515066.63	3076.63
357027.61	7515065.69	3083.41
357125.34	7515065.13	3091.06
357223.01	7515064.50	3097.79
357321.48	7515064.13	3103.95
353802.49	7515171.25	3127.08
353902.79	7515171.75	3129.62
354003.14	7515172.38	3131.15
354103.55	7515173.13	3130.76
354204.01	7515173.75	3127.39
354304.52	7515174.25	3122.59
354405.10	7515174.75	3118.33
354707.23	7515176.00	3109.76
354808.09	7515176.50	3107.57
354909.03	7515177.00	3104.9
355010.05	7515177.50	3102.71
355111.18	7515177.88	3101.03
355212.40	7515178.13	3098.53
355313.71	7515178.38	3093.14
355415.13	7515178.50	3083.75
355516.63	7515178.50	3073.23
355618.22	7515178.50	3068.28
355719.88	7515178.38	3070.15
355821.63	7515178.00	3075.47
355923.46	7515177.38	3082.86
356025.37	7515176.50	3090.14
356127.31	7515175.50	3093.87
356229.26	7515174.50	3092.26
356330.33	7515173.63	3088.06
356430.11	7515172.63	3080.76
356529.38	7515171.38	3073.13
356629.66	7515170.56	3068.74
356731.19	7515170.25	3067.9
356831.45	7515169.63	3069.25
356930.06	7515168.56	3073.37
357028.21	7515167.56	3080.45
357126.05	7515166.63	3088.91
357223.76	7515165.81	3097.25
357321.41	7515165.13	3105.39
357419.03	7515164.38	3113.43
353602.20	7515270.25	3119.28
353702.39	7515270.75	3124.48
353802.62	7515271.25	3128.14
353902.89	7515271.75	3129.27
354003.22	7515272.25	3129.96
354103.59	7515272.88	3128.38
354204.02	7515273.50	3122.56
354304.50	7515274.13	3115.36
354405.03	7515274.75	3110.34
354707.01	7515276.25	3108.22
354807.81	7515276.75	3107.46
354908.69	7515277.25	3105.84
355009.64	7515277.88	3104.64
355110.69	7515278.50	3103.39
355211.82	7515278.88	3100.35
355313.03	7515279.25	3094.38
355414.33	7515279.50	3085.75
355515.72	7515279.63	3076.76
355617.19	7515279.75	3072.98
355718.73	7515279.75	3075.78
355820.37	7515279.50	3081.49
355922.08	7515279.13	3088
356023.88	7515278.63	3093.41
356125.77	7515277.75	3096.21
356227.25	7515277.00	3095.62
356327.51	7515276.13	3092.39
356426.95	7515274.88	3084.17
356526.28	7515273.63	3075
356625.51	7515272.25	3069.55
356725.90	7515271.38	3069.12
356827.51	7515271.00	3071.45
356927.69	7515270.06	3075.63
357026.25	7515268.88	3081.87
357124.46	7515267.81	3089.77
357222.41	7515266.75	3098.59
357320.21	7515265.75	3107.69
357417.94	7515264.88	3116.7
357515.67	7515264.13	3125.28
353402.09	7515368.75	3113.67
353502.20	7515369.38	3114.42
353602.33	7515370.00	3118.24
353702.51	7515370.50	3123.99
353802.72	7515371.13	3125.7
353902.97	7515371.75	3125.3
354003.27	7515372.25	3125.09
354103.61	7515372.75	3121.86
354204.01	7515373.25	3115.55
354304.45	7515373.88	3109.79
354404.93	7515374.63	3106.78
354706.74	7515376.25	3107.4
354807.48	7515376.88	3107.14
354908.28	7515377.50	3106.16
355009.16	7515378.13	3105.33
355110.12	7515378.88	3104.12
355211.14	7515379.50	3100.65
355312.23	7515380.00	3094.31
355413.41	7515380.38	3086.34
355514.66	7515380.75	3079
355615.99	7515381.13	3076.92
355717.40	7515381.25	3080.8
355818.88	7515381.13	3086.67
355920.43	7515381.00	3092.2
356022.03	7515380.75	3096.07
356123.71	7515380.25	3098.02
356224.68	7515379.63	3099.55
356324.48	7515378.50	3096
356423.88	7515377.13	3088.37
356523.26	7515375.75	3079.24
356622.58	7515374.25	3073.94
356721.80	7515372.88	3074.16
356823.41	7515372.19	3077.22
356924.98	7515371.44	3081.4
357023.92	7515370.13	3086.55
357122.50	7515368.88	3093.07
357220.75	7515367.63	3101.45
357318.73	7515366.44	3111.11
357416.57	7515365.38	3121.09
357514.37	7515364.44	3130.73
357612.16	7515363.50	3139.96
357709.89	7515362.56	3149
353202.16	7515467.50	3116.47
353302.19	7515468.00	3114.85
353402.24	7515468.50	3113.49
353502.33	7515469.13	3113.48
353602.45	7515469.75	3116.54
353702.60	7515470.25	3119.02
353802.80	7515470.88	3119.07
353903.02	7515471.50	3120.34
354003.29	7515472.00	3121.1
354103.60	7515472.63	3118.21
354203.95	7515473.25	3113.44
354304.35	7515473.75	3109.9
354404.80	7515474.38	3108.27
354505.28	7515475.13	3107.65
354605.82	7515475.75	3107.46
354706.43	7515476.25	3107.27
354807.09	7515477.00	3106.51
354907.82	7515477.75	3105.27
355008.61	7515478.38	3104.24
355109.45	7515479.13	3103.27
355210.36	7515479.88	3100.38
355311.33	7515480.50	3094.4
355412.37	7515481.13	3086.78
355513.48	7515481.75	3080.25
355614.65	7515482.25	3079.16
355715.89	7515482.63	3083.66
355817.20	7515482.88	3089.51
355918.55	7515483.00	3094.61
356019.90	7515482.88	3098.04
356121.16	7515482.75	3099.42
356221.63	7515482.13	3100.86
356321.31	7515480.75	3098.61
356420.84	7515479.25	3092.91
356520.30	7515477.75	3085.8
356619.70	7515476.13	3082
356719.02	7515474.50	3082.31
356820.57	7515473.56	3084.71
356922.13	7515472.69	3088.58
357021.31	7515471.25	3093.54
357120.18	7515469.81	3099.51
357218.69	7515468.44	3107.3
357316.89	7515467.19	3116.81
357414.89	7515465.94	3127.02
357512.82	7515464.75	3136.97
357610.70	7515463.75	3146.42
357708.52	7515462.75	3155.49
357806.34	7515461.88	3164.12
353102.31	7515566.50	3122.33
353202.30	7515567.13	3119.71
353302.33	7515567.75	3118.45
353402.38	7515568.25	3116.77
353502.45	7515568.88	3115.54
353602.55	7515569.50	3115.29
353702.68	7515570.00	3113.9
353802.85	7515570.63	3114.49
353903.05	7515571.25	3117.38
354003.29	7515571.75	3118.86
354103.57	7515572.38	3117.59
354203.88	7515573.13	3114.81
354304.23	7515573.75	3112.34
354404.63	7515574.25	3110.53
354505.05	7515575.00	3108.92
354605.54	7515575.75	3107.71
354706.07	7515576.25	3106.77
354806.66	7515577.00	3105.37
354907.30	7515577.75	3103.39
355007.98	7515578.50	3101.8
355108.71	7515579.38	3101.17
355209.50	7515580.25	3099.57
355310.34	7515581.00	3094.84
355411.23	7515581.75	3087.85
355512.17	7515582.63	3081.59
355613.17	7515583.25	3080.69
355714.23	7515583.88	3085.3
355815.33	7515584.50	3090.99
355916.47	7515584.88	3095.65
356017.63	7515585.25	3098.52
356118.55	7515585.50	3099.83
356218.67	7515584.50	3101.02
356318.27	7515582.75	3099.3
356417.86	7515581.13	3096.32
356517.39	7515579.50	3093.37
356616.87	7515577.88	3092.53
356716.29	7515576.13	3093.45
356817.68	7515574.88	3095.11
356919.14	7515573.75	3098.11
357018.51	7515572.25	3102.66
357117.55	7515570.69	3108.59
357216.28	7515569.13	3115.96
357314.74	7515567.75	3124.48
357412.99	7515566.44	3133.77
357511.09	7515565.13	3143.28
357609.09	7515564.00	3152.71
357707.04	7515562.94	3161.61
357805.04	7515561.94	3169.14
357903.07	7515561.00	3175.87
358001.02	7515560.00	3182.93
353102.45	7515666.13	3124.41
353202.44	7515666.88	3122.05
353302.45	7515667.50	3121.56
353402.49	7515668.00	3119.57
353502.55	7515668.50	3116.34
353602.63	7515669.13	3114.43
353702.75	7515669.75	3113.08
353802.89	7515670.38	3113.83
353903.06	7515671.00	3115.69
354003.27	7515671.50	3116.6
354103.51	7515672.13	3116.05
354203.78	7515672.88	3114.23
354304.09	7515673.50	3111.95
354404.42	7515674.13	3109.72
354504.80	7515674.88	3107.66
354605.22	7515675.63	3106.19
354705.67	7515676.25	3105.18
354806.17	7515677.00	3103.82
354906.71	7515677.88	3101.7
355007.28	7515678.63	3099.72
355107.91	7515679.50	3098.98
355208.57	7515680.50	3098.09
355309.27	7515681.38	3094.71
355410.00	7515682.25	3088.92
355510.77	7515683.25	3083.27
355611.59	7515684.13	3082.38
355712.43	7515685.00	3086.5
355813.30	7515685.88	3091.32
355914.19	7515686.63	3094.81
356015.07	7515687.50	3096.62
356115.65	7515687.75	3098.49
356215.64	7515686.50	3098.29
356315.31	7515684.75	3097.72
356414.95	7515683.00	3098.89
356514.54	7515681.13	3101.65
356614.09	7515679.50	3104.59
356713.60	7515677.75	3106.83
356814.75	7515676.13	3108.42
356916.01	7515674.75	3110.4
357015.56	7515673.13	3113.7
357114.79	7515671.44	3118.8
357213.70	7515669.81	3125.61
357312.38	7515668.19	3133.28
357410.88	7515666.69	3141.33
357509.20	7515665.31	3149.82
357607.36	7515664.06	3158.74
357705.47	7515663.00	3167.02
357803.66	7515661.94	3173.45
357901.84	7515660.88	3179.21
357999.80	7515659.94	3186.49
358097.61	7515659.00	3195.2
353002.63	7515765.25	3129.7
353102.59	7515765.88	3124.92
353202.56	7515766.50	3121.43
353302.57	7515767.00	3120.08
353402.59	7515767.50	3118.53
353502.63	7515768.13	3116.03
353602.70	7515768.88	3114.53
353702.79	7515769.50	3114.35
353802.91	7515770.00	3114.61
353903.05	7515770.63	3114.44
354003.23	7515771.25	3113.7
354103.42	7515771.88	3112.3
354203.65	7515772.63	3110.04
354303.91	7515773.25	3107.29
354404.19	7515773.88	3104.93
354504.50	7515774.63	3103.25
354604.85	7515775.38	3102.18
354705.23	7515776.13	3101.46
354805.65	7515777.00	3100.74
354906.08	7515778.00	3099.55
355006.54	7515778.75	3098.05
355107.04	7515779.50	3096.9
355207.56	7515780.50	3095.48
355308.12	7515781.63	3092.53
355408.70	7515782.75	3087.92
355509.29	7515783.75	3083.39
355609.91	7515784.88	3082.56
355710.53	7515786.13	3085.64
355811.16	7515787.25	3089.2
355911.79	7515788.38	3091.47
356012.41	7515789.63	3092.41
356112.70	7515789.63	3093.91
356212.59	7515788.13	3094.7
356312.38	7515786.50	3097.26
356412.09	7515784.75	3103.02
356511.74	7515782.75	3110.02
356611.37	7515780.88	3115.69
356710.95	7515779.00	3119.93
356811.79	7515777.25	3123.21
356912.66	7515775.63	3126.11
357012.26	7515773.75	3129.1
357111.75	7515771.94	3132.02
357210.98	7515770.25	3136.18
357309.89	7515768.56	3142.42
357408.58	7515766.94	3149.59
357507.11	7515765.50	3157.07
357605.48	7515764.19	3164.97
357703.76	7515762.94	3172.46
357802.05	7515761.75	3178.64
357900.25	7515760.63	3184.81
357998.21	7515759.69	3192.75
358096.01	7515758.81	3202.24
358193.86	7515757.94	3211.24
352902.82	7515864.38	3136.58
353002.76	7515865.00	3131.61
353102.71	7515865.50	3125.9
353202.68	7515866.00	3121.48
353302.67	7515866.50	3119.73
353402.68	7515867.13	3119.44
353502.70	7515867.88	3118.57
353602.74	7515868.50	3117.05
353702.80	7515869.00	3115.79
353802.90	7515869.63	3113.99
353903.02	7515870.38	3111.12
354003.16	7515871.00	3108.05
354103.31	7515871.63	3105.44
354203.49	7515872.38	3102.99
354303.70	7515873.00	3100.37
354403.93	7515873.63	3098.3
354504.18	7515874.38	3097.1
354604.45	7515875.13	3096.36
354704.75	7515876.00	3095.98
354805.07	7515876.88	3096.11
354905.40	7515877.75	3096.24
355005.75	7515878.63	3095.52
355106.13	7515879.50	3093.86
355206.51	7515880.63	3091.55
355306.91	7515881.88	3088.5
355407.33	7515883.13	3084.74
355507.74	7515884.25	3081.4
355608.16	7515885.50	3080.7
355708.58	7515887.00	3082.76
355808.97	7515888.50	3085.41
355909.34	7515890.00	3087.26
356009.70	7515891.50	3088.02
356109.80	7515891.50	3090.56
356209.65	7515889.88	3094.61
356309.49	7515888.13	3101.25
356409.28	7515886.25	3109.86
356509.01	7515884.25	3118.17
356608.70	7515882.13	3125.2
356708.35	7515880.00	3132.24
356808.76	7515878.13	3139.3
356909.05	7515876.19	3145.6
357008.55	7515874.13	3149.74
357108.29	7515872.25	3149.97
357208.01	7515870.50	3149.19
357307.29	7515868.81	3152.09
357406.14	7515867.19	3158.39
357504.79	7515865.69	3165.63
357603.25	7515864.25	3173.36
357701.54	7515862.81	3181.35
357799.73	7515861.56	3189.13
357897.79	7515860.50	3197.27
357995.76	7515859.50	3205.84
358093.80	7515858.56	3213.69
358192.01	7515857.75	3219.87
358290.28	7515857.00	3225.36
352902.95	7515964.00	3136.23
353002.88	7515964.50	3132.36
353102.82	7515965.00	3126.89
353202.78	7515965.50	3122.45
353302.76	7515966.13	3120.92
353402.74	7515966.88	3121.15
353502.75	7515967.50	3120.27
353602.77	7515968.00	3117.62
353702.81	7515968.63	3113.98
353802.88	7515969.38	3109.08
353902.97	7515970.00	3103.34
354003.07	7515970.50	3098.36
354103.18	7515971.25	3095.36
354203.31	7515972.00	3094.17
354303.47	7515972.63	3093.43
354403.64	7515973.38	3092.65
354503.83	7515974.13	3091.97
354604.03	7515975.00	3091.51
354704.24	7515975.88	3091.6
354804.45	7515976.63	3092.51
354904.68	7515977.50	3093.18
355004.91	7515978.50	3092.18
355105.16	7515979.50	3089.72
355205.41	7515980.75	3086.78
355305.66	7515982.00	3083.72
355405.91	7515983.25	3080.83
355506.16	7515984.63	3078.75
355606.39	7515986.00	3078.64
355706.60	7515987.50	3080.41
355806.77	7515989.25	3082.66
355906.88	7515991.13	3084.55
356006.90	7515992.88	3085.83
356106.88	7515993.13	3090.53
356206.83	7515991.63	3098.17
356306.71	7515989.75	3107.82
356406.54	7515987.75	3117.5
356506.32	7515985.63	3126.91
356606.07	7515983.25	3136.31
356705.94	7515980.94	3146.06
356805.90	7515978.81	3155.86
356905.46	7515976.56	3164.64
357004.87	7515974.38	3169.69
357104.74	7515972.44	3168.56
357204.82	7515970.63	3164.28
357304.45	7515968.88	3163.88
357403.39	7515967.19	3169.6
357501.94	7515965.56	3178.11
357600.28	7515964.00	3187.3
357698.46	7515962.63	3196.76
357796.52	7515961.38	3206.2
357894.50	7515960.25	3215.59
357992.58	7515959.25	3223.86
358091.02	7515958.38	3228.87
358189.75	7515957.56	3230.93
358288.39	7515956.81	3233.46
358386.86	7515956.13	3237.83
352803.16	7516063.00	3136.24
352903.06	7516063.50	3134.6
353002.98	7516064.00	3131.34
353102.91	7516064.50	3126.6
353202.86	7516065.00	3122.16
353302.82	7516065.75	3119.75
353402.78	7516066.50	3119.08
353502.77	7516067.00	3117.61
353602.78	7516067.50	3114.12
353702.80	7516068.25	3108.89
353802.84	7516069.00	3101.89
353902.88	7516069.50	3094.32
354002.95	7516070.13	3088.45
354103.02	7516070.88	3086.05
354203.11	7516071.63	3086.95
354303.21	7516072.38	3088.83
354403.33	7516073.13	3089.49
354503.45	7516073.88	3088.95
354603.57	7516074.75	3088.53
354703.70	7516075.63	3089.06
354803.82	7516076.50	3090.4
354903.93	7516077.50	3090.67
355004.04	7516078.50	3088.45
355104.15	7516079.50	3084.82
355204.27	7516080.63	3080.96
355304.37	7516081.88	3077.36
355404.46	7516083.25	3075.2
355504.55	7516084.75	3075.19
355604.60	7516086.25	3077.1
355704.63	7516087.88	3079.77
355804.59	7516089.75	3082.06
355904.49	7516091.75	3083.98
356004.34	7516094.00	3086.19
356104.21	7516095.00	3092.88
356204.12	7516093.63	3102.58
356304.01	7516091.38	3114.23
356403.87	7516089.00	3124.82
356503.69	7516086.50	3136.25
356603.63	7516084.06	3148.37
356703.54	7516081.63	3160.09
356803.02	7516079.19	3170.44
356902.27	7516076.75	3178.44
357001.76	7516074.50	3182.54
357101.67	7516072.50	3181.23
357201.76	7516070.63	3177.25
357301.38	7516068.88	3177.22
357400.19	7516067.06	3184.16
357498.50	7516065.31	3194.89
357596.64	7516063.75	3205.86
357694.73	7516062.38	3216.13
357792.78	7516061.13	3225.83
357890.84	7516060.00	3234.94
357989.21	7516059.00	3241.39
358088.11	7516058.13	3243.17
358187.27	7516057.38	3242.28
358286.27	7516056.63	3242.44
358385.06	7516055.88	3244.66
358483.76	7516055.25	3247.84
352803.27	7516162.50	3134.36
352903.16	7516163.00	3132.64
353003.07	7516163.50	3129.92
353102.99	7516164.00	3126
353202.92	7516164.63	3121.73
353302.86	7516165.38	3118.2
353402.81	7516166.00	3115.61
353502.79	7516166.50	3112.6
353602.77	7516167.13	3108.32
353702.76	7516167.88	3102.86
353802.76	7516168.50	3096.03
353902.77	7516169.13	3088.86
354002.80	7516169.88	3083.81
354102.84	7516170.50	3082.58
354202.88	7516171.25	3084.53
354302.92	7516172.00	3087.18
354402.98	7516172.75	3088.05
354503.04	7516173.63	3087.26
354603.09	7516174.38	3086.41
354703.13	7516175.25	3086.28
354803.15	7516176.25	3086.91
354903.15	7516177.25	3086.44
355003.14	7516178.25	3083.4
355203.10	7516180.50	3073.83
355303.06	7516181.75	3069.53
355403.00	7516183.25	3068.26
355502.92	7516184.75	3071.03
355602.81	7516186.25	3075.83
355702.66	7516188.00	3079.92
355802.46	7516190.00	3082.42
355902.21	7516192.00	3084.54
356001.93	7516194.25	3088.45
356101.46	7516196.25	3094.39
356201.30	7516195.44	3108.61
356301.38	7516192.63	3120.69
356401.27	7516189.88	3132.62
356501.13	7516187.13	3145.56
356601.19	7516184.56	3158.34
356700.93	7516181.94	3169.84
356800.23	7516179.25	3179.02
356899.63	7516176.81	3185.34
356999.18	7516174.56	3188.9
357098.97	7516172.50	3189.14
357198.79	7516170.56	3188.29
357298.16	7516168.69	3190.95
357396.78	7516166.81	3199.54
357494.85	7516165.06	3212
357592.77	7516163.50	3224.55
357690.80	7516162.13	3235.27
357788.90	7516160.94	3244.52
357887.11	7516159.88	3252.66
357985.83	7516158.94	3256.84
358085.19	7516158.00	3255.65
358184.74	7516157.19	3252.58
358284.14	7516156.44	3250.46
358383.29	7516155.75	3250.23
358482.16	7516155.13	3252.26
358580.90	7516154.38	3255.58
352703.50	7516261.50	3134.34
352803.38	7516262.00	3133.23
352903.26	7516262.50	3131.19
353003.15	7516263.00	3128.52
353103.05	7516263.50	3125.19
353202.97	7516264.25	3121.41
353302.89	7516265.00	3117.42
353402.83	7516265.50	3113.07
353502.78	7516266.00	3108.05
353602.74	7516266.75	3102.72
353702.70	7516267.50	3097.37
353802.67	7516268.00	3092.22
353902.65	7516268.75	3087.96
354002.63	7516269.50	3085.37
354102.63	7516270.00	3084.86
354202.62	7516270.75	3085.91
354302.61	7516271.50	3087.29
354402.60	7516272.25	3087.77
354502.59	7516273.25	3087.22
354602.57	7516274.13	3085.71
354702.52	7516274.88	3083.46
354802.45	7516275.75	3081.83
354902.35	7516276.75	3080.26
355002.23	7516277.88	3077
355102.09	7516279.13	3072.14
355201.94	7516280.25	3066.81
355301.76	7516281.50	3063.18
355401.55	7516283.00	3064.15
355501.31	7516284.50	3069.6
355601.05	7516286.00	3076.2
355700.74	7516287.75	3081.13
355800.40	7516289.75	3083.86
355900.02	7516291.63	3086.6
355999.62	7516293.50	3092.59
356099.00	7516295.75	3101.7
356198.76	7516296.06	3116.8
356298.83	7516293.50	3127.63
356398.74	7516290.38	3140.91
356498.84	7516287.56	3153.78
356598.88	7516284.75	3164.92
356698.51	7516281.94	3173.98
356797.96	7516279.25	3181.22
356897.38	7516276.81	3187.47
356996.76	7516274.50	3193.23
357096.16	7516272.31	3197.79
357195.56	7516270.31	3201.3
357294.70	7516268.38	3206.08
357393.19	7516266.50	3215.23
357491.06	7516264.81	3228.57
357588.86	7516263.25	3241.81
357686.93	7516261.88	3251.86
357785.12	7516260.69	3260.28
357883.41	7516259.63	3267.98
357982.43	7516258.81	3270.68
358082.29	7516258.00	3266.76
358182.31	7516257.06	3260.98
358282.11	7516256.31	3256.58
358381.54	7516255.63	3254.69
358480.44	7516254.88	3257.03
358578.94	7516254.25	3263.17
352703.60	7516361.00	3134.17
352803.46	7516361.50	3132.36
352903.34	7516362.00	3129.53
353003.22	7516362.50	3126.27
353103.10	7516363.00	3123.38
353203.00	7516363.75	3120.43
353302.91	7516364.50	3116.46
353402.83	7516365.00	3110.93
353602.69	7516366.25	3098.24
353702.63	7516367.00	3092.92
353802.56	7516367.50	3089.16
354102.39	7516369.63	3088.21
354202.34	7516370.38	3088.48
354302.28	7516371.13	3088.85
354402.20	7516371.88	3089.43
354502.12	7516372.75	3089.46
354602.02	7516373.75	3087.38
354701.88	7516374.63	3082.98
354801.73	7516375.38	3078.49
354901.54	7516376.38	3074.76
355001.31	7516377.63	3071.03
355101.05	7516378.75	3066.86
355200.78	7516379.88	3062.55
355300.47	7516381.13	3060.93
355400.12	7516382.50	3065.04
355499.73	7516384.00	3072.77
355599.33	7516385.50	3080.03
355698.89	7516387.13	3085.19
355798.41	7516389.00	3088.17
355897.92	7516390.75	3091.55
355997.41	7516392.38	3098.47
356096.91	7516394.13	3109.08
356196.52	7516395.25	3120.46
356296.82	7516393.88	3133.63
356397.11	7516390.63	3147.31
356497.02	7516387.56	3158.4
356596.91	7516384.69	3166.63
356696.48	7516381.88	3173.89
356795.90	7516379.19	3181.74
356895.14	7516376.63	3190.29
356994.21	7516374.25	3199.27
357093.13	7516372.00	3208.28
357192.05	7516369.94	3215.97
357290.86	7516368.06	3223.03
357389.12	7516366.19	3233.27
357486.86	7516364.50	3246.98
357584.82	7516363.06	3258.5
357683.29	7516361.69	3265.29
357781.70	7516360.50	3271.82
357880.15	7516359.50	3278.7
357979.54	7516358.63	3279.49
358079.90	7516357.88	3272.91
358180.29	7516357.00	3265.3
358280.22	7516356.13	3260.64
358379.61	7516355.38	3259.77
358478.32	7516354.75	3264.3
358576.63	7516354.19	3273.09
358674.97	7516353.56	3282.75
352603.84	7516459.75	3139.88
352703.69	7516460.50	3135.91
352803.54	7516461.00	3131.74
352903.40	7516461.50	3127
353003.27	7516462.00	3122.84
353103.13	7516462.50	3120.39
353203.02	7516463.25	3118.51
353302.91	7516464.00	3114.84
353602.62	7516465.75	3094.66
354102.13	7516469.25	3089.52
354202.03	7516470.00	3090.64
354301.92	7516470.75	3091.19
354401.78	7516471.50	3092.1
354501.63	7516472.25	3092.21
354601.45	7516473.25	3089.52
354701.23	7516474.25	3084.06
354800.98	7516475.13	3077.62
354900.70	7516476.13	3071.37
355000.38	7516477.25	3066.66
355100.02	7516478.25	3063.64
355199.63	7516479.50	3061.17
355299.20	7516480.75	3061.74
355398.72	7516482.00	3068.22
355498.21	7516483.50	3077.42
355597.68	7516484.88	3085.24
355697.11	7516486.25	3091.08
355796.51	7516487.88	3095.28
355895.91	7516489.50	3099.55
355995.30	7516491.00	3105.89
356094.72	7516492.38	3114.69
356194.96	7516493.94	3125.68
356295.80	7516493.50	3136.85
356395.75	7516490.44	3149.06
356495.32	7516487.25	3158.13
356595.09	7516484.38	3164.38
356694.67	7516481.63	3171.98
356793.84	7516478.88	3183.27
356892.68	7516476.19	3196.17
356991.40	7516473.75	3208.2
357090.00	7516471.50	3219.47
357188.50	7516469.38	3229.86
357286.84	7516467.56	3239.8
357384.75	7516465.75	3251.88
357482.46	7516464.06	3265.11
357580.76	7516462.75	3273.8
357679.70	7516461.56	3277.09
357778.59	7516460.50	3280.49
357877.61	7516459.50	3283.76
357977.53	7516458.50	3281.36
358078.14	7516457.69	3273.72
358178.48	7516456.94	3267.24
358278.13	7516456.00	3265.38
358377.21	7516455.25	3267.72
358475.75	7516454.75	3274.56
358574.05	7516454.06	3284.36
358672.61	7516453.31	3293.37
352603.93	7516559.13	3145.43
352703.77	7516559.88	3139.39
352803.60	7516560.50	3132.41
352903.44	7516561.00	3125.47
353003.29	7516561.50	3120.07
353103.15	7516562.00	3117.38
353203.02	7516562.63	3115.86
353302.89	7516563.38	3112.26
353602.52	7516565.25	3092.14
353702.40	7516566.00	3086.84
353802.27	7516566.50	3082.29
353902.15	7516567.25	3081.06
354002.01	7516568.00	3084.39
354101.86	7516568.75	3089.06
354201.70	7516569.50	3091.84
354301.53	7516570.25	3092.97
354401.33	7516571.00	3093.73
354501.11	7516571.75	3093.25
354600.86	7516572.75	3089.93
354700.56	7516573.75	3084.09
354800.23	7516574.63	3076.65
354899.86	7516575.63	3068.38
354999.45	7516576.75	3062.29
355098.99	7516577.75	3060
355198.49	7516578.88	3059.77
355297.95	7516580.13	3062.71
355397.37	7516581.38	3070.4
355496.75	7516582.75	3079.91
355596.10	7516584.00	3088.36
355695.41	7516585.25	3095.96
355794.70	7516586.75	3102.71
355893.99	7516588.13	3108.27
355993.28	7516589.38	3112.96
356092.58	7516590.63	3117.63
356193.46	7516592.75	3126.4
356294.47	7516592.75	3135.69
356393.92	7516589.69	3145.26
356493.61	7516586.69	3153.86
356593.44	7516583.88	3160.83
356692.96	7516581.06	3170.45
356791.88	7516578.25	3184.85
356890.37	7516575.56	3201.16
356988.76	7516573.06	3215.67
357087.14	7516570.81	3227.83
357185.40	7516568.81	3239.06
357283.33	7516567.06	3251.05
357380.90	7516565.38	3264.77
357478.62	7516563.81	3277.34
357577.09	7516562.56	3284.52
357676.21	7516561.50	3286.9
357775.53	7516560.50	3288.11
357875.23	7516559.50	3287.35
357975.60	7516558.50	3282.44
358076.19	7516557.56	3275.6
358176.18	7516556.81	3272.19
358275.42	7516556.00	3274.07
358374.32	7516555.25	3278.86
358472.93	7516554.69	3286.09
358571.50	7516553.94	3294.7
358670.41	7516553.25	3301.76
358769.76	7516552.69	3306.13
358869.24	7516552.06	3309.88
352504.20	7516658.00	3155.46
352604.00	7516658.50	3149.44
352703.82	7516659.25	3142.35
352803.64	7516660.00	3134.29
352903.47	7516660.50	3126.39
353003.30	7516661.00	3119.69
353103.15	7516661.50	3115.49
353203.00	7516662.00	3112.79
353502.55	7516664.00	3095.71
353602.41	7516664.63	3090.95
353802.09	7516666.00	3082.15
353901.93	7516666.75	3080.22
354001.75	7516667.50	3083.04
354101.55	7516668.13	3088.33
354201.34	7516668.88	3092.14
354301.12	7516669.75	3093.51
354400.86	7516670.50	3093.6
354500.57	7516671.25	3092.16
354600.25	7516672.25	3088.44
354699.89	7516673.13	3082.61
354799.48	7516673.88	3074.42
354899.02	7516674.88	3064.55
354998.52	7516676.00	3057.27
355097.98	7516677.00	3055.84
355197.40	7516678.13	3058.41
355296.77	7516679.38	3063.73
355396.09	7516680.50	3071.83
355495.36	7516681.75	3080.95
355594.60	7516683.00	3090.08
355693.81	7516684.13	3099.71
355792.99	7516685.38	3108.84
355892.17	7516686.50	3115.07
355991.35	7516687.63	3117.39
356090.52	7516688.88	3117.94
356190.99	7516691.38	3123.38
356291.98	7516691.75	3130.73
356392.03	7516688.81	3138.65
356492.04	7516686.00	3147.69
356591.96	7516683.19	3156.53
356691.47	7516680.31	3168.04
356790.35	7516677.50	3183.49
356888.74	7516674.88	3200.42
356986.92	7516672.44	3216.11
357085.10	7516670.25	3229.21
357183.18	7516668.38	3240.84
357280.79	7516666.63	3254.09
357377.98	7516665.00	3269.63
357475.50	7516663.63	3283.18
357573.98	7516662.50	3290.51
357673.16	7516661.50	3293.02
357772.63	7516660.50	3293.83
357872.55	7516659.50	3292.38
357973.00	7516658.50	3287.75
358073.47	7516657.50	3282.4
358173.23	7516656.75	3281.33
358272.30	7516656.00	3285.27
358371.26	7516655.25	3290.67
358470.13	7516654.56	3297.02
352504.27	7516757.50	3156.93
352604.06	7516758.00	3151.43
352703.87	7516758.63	3144.06
352803.67	7516759.38	3136.18
352903.49	7516760.00	3128.52
353003.31	7516760.50	3121.19
353103.13	7516761.00	3115.12
353202.96	7516761.50	3110.47
353302.79	7516762.13	3105.53
353702.09	7516764.75	3088.8
353801.90	7516765.50	3085.08
353901.70	7516766.13	3082.67
354001.48	7516766.88	3083.94
354101.23	7516767.50	3088.32
354200.97	7516768.25	3092.16
354300.69	7516769.13	3093.22
354400.38	7516769.88	3092.01
354500.02	7516770.75	3089.03
354599.63	7516771.63	3084.73
354699.20	7516772.38	3079.1
354798.73	7516773.25	3070.86
354898.20	7516774.25	3060.89
354997.63	7516775.25	3054.34
355097.01	7516776.25	3054.6
355196.34	7516777.38	3059.28
355295.62	7516778.50	3065.9
355394.86	7516779.50	3073.92
355494.05	7516780.63	3082.65
355593.20	7516781.75	3092.43
355692.30	7516782.75	3103.57
355791.38	7516783.75	3114.02
355890.45	7516784.75	3119.84
355989.74	7516786.81	3119.76
356089.00	7516788.88	3117.72
356188.47	7516790.69	3119.93
356289.02	7516790.63	3125.17
356389.92	7516787.81	3132.85
356490.46	7516785.06	3141.96
356590.70	7516782.38	3151.12
356690.41	7516779.56	3162.63
356789.39	7516776.81	3177.91
356887.80	7516774.25	3194.62
356985.87	7516771.88	3210.7
357083.79	7516769.75	3225.18
357181.55	7516767.88	3238.45
357278.80	7516766.19	3253.27
357375.60	7516764.69	3270.56
357472.78	7516763.50	3285.91
357571.16	7516762.44	3294.19
357670.46	7516761.38	3296.62
357770.05	7516760.44	3297.33
357869.89	7516759.50	3296.92
357970.13	7516758.50	3294.43
358070.41	7516757.50	3291.23
358170.10	7516756.75	3291.52
358269.28	7516756.00	3295.63
358368.39	7516755.25	3300.86
352504.33	7516857.00	3157.07
352604.12	7516857.50	3151.75
352703.91	7516858.00	3144.31
352803.70	7516858.63	3137.08
352903.50	7516859.38	3130.68
353003.30	7516860.00	3123.81
353202.91	7516861.00	3111.57
353502.34	7516863.00	3099.05
353602.13	7516863.50	3096.71
353701.91	7516864.25	3094.1
353801.68	7516865.00	3090.94
353901.44	7516865.50	3088.35
354001.18	7516866.25	3087.9
354100.90	7516867.00	3090
354200.59	7516867.75	3092.25
354300.25	7516868.50	3091.72
354399.88	7516869.25	3088.35
354499.45	7516870.13	3083.64
354599.00	7516870.88	3078.59
354698.52	7516871.75	3073.03
354797.97	7516872.75	3065.76
354897.38	7516873.63	3058.15
354996.74	7516874.50	3054.81
355195.31	7516876.50	3062.05
355294.52	7516877.50	3068.71
355393.68	7516878.38	3076.54
355492.80	7516879.25	3085.01
355591.87	7516880.25	3095.07
355690.89	7516881.25	3107.09
355790.12	7516883.06	3118.13
355889.30	7516884.88	3123.53
355988.39	7516886.94	3122.65
356087.36	7516889.00	3119.83
356185.89	7516890.00	3119.63
356286.09	7516889.38	3122.11
356387.77	7516886.88	3128.54
356488.92	7516884.13	3136.78
356589.63	7516881.50	3145.05
356689.71	7516878.88	3155.39
356788.87	7516876.13	3170.25
356887.26	7516873.50	3187.34
356985.19	7516871.19	3204.06
357082.75	7516869.13	3220.21
357179.93	7516867.25	3236.42
357276.69	7516865.69	3253.62
357373.13	7516864.38	3272.18
357470.04	7516863.25	3288.68
357568.34	7516862.19	3297.76
357667.78	7516861.13	3300.11
357767.54	7516860.25	3300.48
357867.39	7516859.44	3300.65
357967.41	7516858.50	3300.06
358067.51	7516857.50	3298.94
358167.26	7516856.69	3299.77
358266.70	7516855.94	3303
352504.38	7516956.50	3155.74
352604.16	7516957.00	3150.02
352703.93	7516957.50	3142.54
352803.70	7516958.00	3136.58
352903.49	7516958.63	3132.28
353003.28	7516959.25	3126.99
353103.07	7516959.88	3121.09
353202.86	7516960.50	3116.24
353302.64	7516961.00	3112.05
353402.42	7516961.63	3108.32
353502.20	7516962.38	3105.51
353601.95	7516963.00	3103.14
353701.70	7516963.63	3100.6
353801.45	7516964.38	3097.68
353901.16	7516965.00	3094.94
354000.86	7516965.63	3093.06
354100.53	7516966.38	3092.23
354200.18	7516967.13	3091.33
354299.80	7516967.88	3088.2
354399.37	7516968.63	3082.98
354498.89	7516969.38	3077.5
354598.38	7516970.25	3072.35
354697.83	7516971.13	3066.99
354797.23	7516972.00	3061.32
354896.57	7516972.88	3057.42
354995.87	7516973.63	3057.74
355095.13	7516974.50	3061.15
355194.33	7516975.50	3065.77
355293.48	7516976.38	3071.83
355392.58	7516977.13	3079.22
355491.63	7516977.88	3087.49
355590.63	7516978.75	3097.64
355689.94	7516980.69	3109.97
355789.40	7516983.31	3121
355888.38	7516985.00	3126.68
355986.98	7516986.13	3127.08
356085.36	7516987.25	3125.09
356183.53	7516988.25	3123.68
356283.68	7516987.94	3123.19
356385.78	7516985.81	3126.64
356487.46	7516983.31	3132.7
356588.68	7516980.63	3139.8
356689.18	7516978.00	3149.02
356788.58	7516975.25	3163.12
356886.95	7516972.56	3180.55
356984.58	7516970.31	3198.58
357081.54	7516968.31	3217.38
357177.99	7516966.56	3237
357274.22	7516965.19	3256.47
357370.36	7516964.06	3275.8
357467.09	7516963.00	3292.8
357565.33	7516962.00	3302.47
357664.81	7516961.00	3305.24
357764.59	7516960.06	3306.18
357864.42	7516959.25	3307.21
357964.47	7516958.44	3307.39
358064.74	7516957.50	3306.2
358164.83	7516956.56	3305.69
358264.59	7516955.81	3307.42
352404.64	7517055.25	3157.89
352504.41	7517055.88	3153.31
352604.18	7517056.50	3147.21
352703.94	7517057.00	3140.38
352803.70	7517057.50	3135.92
352903.48	7517058.00	3133.3
353003.24	7517058.50	3129.8
353103.01	7517059.13	3125.61
353202.78	7517059.88	3121.69
353302.54	7517060.50	3117.7
353402.29	7517061.00	3113.7
353502.04	7517061.63	3110.12
353601.77	7517062.38	3107.1
353701.48	7517063.00	3104.2
353801.20	7517063.63	3100.56
353900.88	7517064.38	3096.68
354000.53	7517065.00	3093.54
354100.15	7517065.75	3090.94
354199.75	7517066.50	3088.05
354299.32	7517067.13	3083.64
354398.84	7517067.88	3078.14
354498.32	7517068.75	3073.33
354597.76	7517069.63	3069.2
354697.16	7517070.38	3064.66
354796.50	7517071.13	3060.79
354895.79	7517072.00	3059.94
354995.03	7517072.75	3062.41
355094.23	7517073.50	3066.53
355193.38	7517074.38	3071.13
355292.48	7517075.13	3076.27
355391.54	7517075.88	3082.56
355490.53	7517076.50	3090.59
355590.00	7517078.44	3100.91
355689.74	7517081.31	3112.93
355788.78	7517082.75	3123.18
355887.32	7517083.38	3128.98
355985.72	7517084.25	3131.26
356083.92	7517085.25	3131.31
356181.96	7517086.31	3130.32
356281.92	7517086.19	3128.24
356383.97	7517084.38	3129.38
356486.02	7517082.19	3132.85
356587.68	7517079.63	3138.5
356688.55	7517076.88	3146.7
356788.21	7517074.13	3159.44
356886.55	7517071.50	3176.49
356983.71	7517069.19	3196.29
357079.91	7517067.31	3218.22
357175.71	7517065.75	3240.29
357271.58	7517064.50	3260.63
357367.54	7517063.63	3279.98
357464.11	7517062.75	3297.23
357562.19	7517061.81	3307.89
357661.50	7517060.94	3312.17
357761.12	7517060.00	3314.74
357860.91	7517059.13	3316.91
357961.18	7517058.31	3316.97
358061.91	7517057.44	3314.13
358162.61	7517056.50	3310.79
352404.67	7517154.50	3156.06
352504.43	7517155.13	3151.63
352604.19	7517155.75	3146.12
352703.94	7517156.38	3140.48
352803.70	7517157.00	3136.64
352903.45	7517157.50	3134.02
353003.19	7517158.00	3131.2
353102.94	7517158.50	3128.71
353202.69	7517159.13	3126.14
353302.42	7517159.88	3122.3
353402.15	7517160.50	3117.49
353501.87	7517161.00	3112.66
353601.57	7517161.63	3108.4
353701.26	7517162.38	3104.03
353900.57	7517163.63	3092.89
354000.19	7517164.38	3088.7
354099.77	7517165.13	3085.69
354199.32	7517165.88	3082.77
354298.84	7517166.50	3078.97
354398.32	7517167.13	3074.71
354497.75	7517168.00	3071.48
354597.14	7517168.75	3068.9
354696.49	7517169.50	3066.05
354795.79	7517170.25	3064.35
354895.04	7517171.00	3065.29
354994.23	7517171.75	3068.49
355093.38	7517172.50	3073.24
355192.48	7517173.25	3078.36
355291.53	7517173.88	3082.68
355390.54	7517174.50	3087.35
355490.18	7517176.31	3094.62
355590.26	7517179.31	3104.89
355689.48	7517180.81	3116.27
355788.05	7517181.06	3125.49
355886.53	7517181.50	3131.28
355984.88	7517182.19	3135.14
356083.05	7517183.13	3137.27
356181.06	7517184.31	3136.87
356280.50	7517184.38	3135.34
356382.27	7517182.81	3136.52
356484.71	7517180.63	3137.63
356586.65	7517178.06	3141.97
356687.72	7517175.38	3149.3
356787.56	7517172.69	3160.47
356885.81	7517170.13	3176.71
356982.44	7517167.88	3197.79
357077.97	7517166.19	3221.55
357173.30	7517164.88	3244.58
357268.90	7517163.75	3265.1
357364.70	7517163.00	3284.42
357461.17	7517162.38	3301.89
357559.11	7517161.56	3313.43
357658.23	7517160.75	3319.17
357757.71	7517159.94	3323.17
357857.47	7517159.06	3326.3
357957.91	7517158.19	3326.34
358058.98	7517157.31	3322.77
352205.20	7517253.00	3161.83
352304.95	7517253.50	3158.64
352404.70	7517254.00	3154.96
352504.44	7517254.50	3151.01
352604.18	7517255.00	3146.56
352703.92	7517255.63	3141.84
352803.66	7517256.25	3137.55
352903.39	7517256.88	3133.45
353003.13	7517257.50	3130
353102.86	7517258.00	3128.87
353202.58	7517258.50	3128.51
353302.29	7517259.13	3125.97
353401.99	7517259.88	3121.14
353501.69	7517260.50	3115.39
353601.36	7517261.00	3109.33
353900.25	7517263.00	3088.88
353999.83	7517263.63	3084.08
354099.38	7517264.38	3081.01
354198.89	7517265.13	3078.56
354298.37	7517265.75	3076.21
354397.80	7517266.38	3074.12
354497.19	7517267.13	3072.5
354596.53	7517267.88	3071.17
354695.84	7517268.63	3070.63
354795.10	7517269.25	3071.58
354894.31	7517270.00	3073.82
354993.47	7517270.75	3077.19
355092.58	7517271.38	3081.79
355191.63	7517272.00	3086.5
355290.63	7517272.50	3089.71
355390.41	7517274.31	3092.57
355490.84	7517277.38	3098.51
355590.32	7517278.94	3108.43
355688.94	7517279.06	3119.5
355787.48	7517279.19	3128.66
355885.95	7517279.50	3135.35
355984.36	7517280.00	3140.42
356082.73	7517280.63	3143.42
356181.07	7517281.56	3143.68
356280.05	7517281.94	3145.22
356381.24	7517281.00	3144.13
356483.75	7517278.75	3144.64
356585.79	7517276.13	3148.05
356686.93	7517273.50	3154.6
356786.84	7517270.94	3164.43
356884.93	7517268.50	3179.6
356981.07	7517266.50	3200.96
357076.05	7517265.06	3225.28
357170.93	7517264.00	3248.67
357266.19	7517263.13	3269.76
357361.84	7517262.50	3289.41
357458.38	7517262.00	3306.51
357556.41	7517261.31	3317.78
357655.49	7517260.50	3324.11
357754.90	7517259.75	3328.97
357854.60	7517258.94	3332.91
357954.87	7517258.06	3334.45
351906.00	7517350.63	3159.65
352005.74	7517351.25	3160.72
352105.48	7517351.75	3161.1
352205.23	7517352.25	3160.2
352304.97	7517352.75	3157.62
352404.70	7517353.38	3154.09
352504.43	7517354.00	3150.3
352604.16	7517354.50	3146.29
352703.88	7517355.00	3141.79
352803.61	7517355.50	3136.75
352903.33	7517356.13	3131.42
353003.05	7517356.75	3127.66
353102.77	7517357.25	3127.71
353202.46	7517357.88	3129.47
353302.15	7517358.50	3128.81
353401.82	7517359.13	3124.79
353899.93	7517362.25	3088.2
353999.46	7517362.88	3083.53
354098.97	7517363.63	3080.54
354198.45	7517364.25	3078.58
354297.88	7517364.88	3077.87
354397.27	7517365.63	3078.06
354496.63	7517366.25	3077.88
354595.94	7517367.00	3077.75
354695.20	7517367.75	3079.36
354794.43	7517368.25	3082.38
354893.61	7517368.88	3085.5
354992.73	7517369.63	3088.69
355091.80	7517370.25	3091.98
355190.83	7517370.63	3094.57
355290.65	7517372.19	3095.73
355391.33	7517375.31	3096.81
355491.16	7517377.06	3101.46
355589.97	7517377.19	3110.81
355688.58	7517377.25	3121.73
355787.10	7517377.25	3131.6
355885.59	7517377.38	3139.95
355984.12	7517377.56	3146.25
356082.80	7517377.88	3149.51
356181.68	7517378.38	3150.61
356280.71	7517378.94	3151.66
356381.09	7517378.69	3151.06
356483.06	7517376.69	3153.06
356585.16	7517374.13	3155.67
356686.32	7517371.50	3161.49
356786.19	7517369.00	3170.21
356884.12	7517366.75	3183.87
356979.83	7517365.00	3204.42
357074.34	7517363.88	3228.5
357168.78	7517363.13	3252.06
357263.61	7517362.50	3274.05
357359.11	7517362.00	3294.29
357455.89	7517361.50	3310.52
357554.18	7517360.88	3320.78
357653.29	7517360.13	3327.29
357752.71	7517359.38	3332.52
357852.32	7517358.63	3337.1
351806.30	7517449.50	3156.58
351906.04	7517450.00	3157.71
352005.77	7517450.50	3158.19
352105.51	7517451.00	3157.97
352205.23	7517451.50	3156.9
352304.97	7517452.00	3154.81
352404.70	7517452.63	3151.91
352504.41	7517453.25	3148.51
352604.13	7517453.75	3144.67
352703.84	7517454.38	3140.14
352803.55	7517455.00	3134.81
352903.26	7517455.50	3129.71
353002.96	7517456.00	3127.42
353102.66	7517456.50	3128.89
353202.34	7517457.13	3131.29
353302.00	7517457.75	3131.09
353401.65	7517458.38	3127.46
353501.28	7517459.00	3121.06
353600.89	7517459.63	3112.5
353999.10	7517462.13	3086.78
354098.57	7517462.75	3083.81
354198.01	7517463.38	3082.41
354297.41	7517464.13	3083.03
354396.76	7517464.75	3084.69
354496.07	7517465.25	3085.85
354595.35	7517466.00	3087.26
354694.59	7517466.75	3090.39
354793.79	7517467.25	3094.36
354892.95	7517467.75	3097.66
354992.04	7517468.38	3099.96
355091.07	7517469.00	3101.39
355190.88	7517470.38	3101.79
355291.62	7517473.00	3101.17
355391.71	7517474.88	3100.91
355490.89	7517475.38	3104.27
355589.76	7517475.50	3112.59
355688.41	7517475.38	3123.11
355786.98	7517475.25	3133.35
355885.53	7517475.19	3142.85
355984.19	7517475.06	3150.49
356083.13	7517475.13	3154.63
356182.34	7517475.31	3156.41
356281.67	7517475.63	3158.1
356381.50	7517475.50	3161.1
356482.81	7517474.38	3161.73
356584.79	7517472.06	3164.64
356686.06	7517469.38	3169.41
356785.73	7517466.81	3177.47
356883.28	7517464.81	3189.93
356978.59	7517463.44	3208.94
357072.75	7517462.63	3231.81
357166.85	7517462.19	3255.01
357261.31	7517461.81	3277.68
357356.63	7517461.44	3298.61
357453.55	7517461.00	3314.46
357551.99	7517460.38	3324.3
357651.18	7517459.63	3330.9
357750.73	7517458.94	3336
351407.30	7517547.00	3149.52
351706.58	7517548.50	3153.85
351806.33	7517549.00	3154.39
351906.06	7517549.50	3154.45
352005.79	7517550.00	3153.8
352105.52	7517550.50	3152.77
352205.23	7517551.00	3151.48
352304.96	7517551.50	3149.54
352404.69	7517552.00	3146.67
352504.39	7517552.50	3143.35
352604.09	7517553.00	3140.17
352703.79	7517553.63	3136.73
352803.48	7517554.25	3132.73
352903.17	7517554.75	3129.62
353002.85	7517555.25	3129.53
353102.52	7517555.88	3131.84
353202.19	7517556.50	3133.51
353301.84	7517557.00	3132.46
353401.46	7517557.63	3128.66
353501.06	7517558.25	3122.31
353899.26	7517560.75	3096.76
353998.73	7517561.25	3092.92
354098.17	7517561.88	3090.38
354197.59	7517562.63	3089.93
354296.95	7517563.25	3091.41
354396.26	7517563.75	3093.38
354495.54	7517564.25	3094.86
354594.79	7517565.00	3096.89
354694.01	7517565.75	3100.45
354793.19	7517566.25	3104.43
354892.32	7517566.75	3107.23
354991.39	7517567.13	3108.39
355090.40	7517567.50	3108.6
355191.05	7517569.94	3108.14
355291.95	7517572.44	3106.77
355391.40	7517573.13	3105.45
355490.69	7517573.63	3107.44
355885.70	7517573.06	3144.78
355984.46	7517572.69	3153.34
356083.55	7517572.44	3158.9
356182.95	7517572.31	3162.14
356282.58	7517572.13	3165.38
356382.58	7517571.88	3168.57
356483.21	7517571.06	3172.63
356585.08	7517569.44	3173.75
356686.32	7517566.94	3178.53
356785.69	7517564.50	3185.64
356882.47	7517562.88	3197.28
356977.17	7517561.94	3214.89
357071.01	7517561.38	3236.25
357164.80	7517561.06	3258.93
357258.92	7517560.94	3282.16
357354.08	7517560.75	3303.61
357451.04	7517560.38	3319.47
357549.48	7517559.81	3329.64
357648.73	7517559.13	3336.79
351008.23	7517644.50	3142.83
351108.03	7517645.00	3143.24
351207.80	7517645.38	3144.87
351307.57	7517645.75	3147.11
351407.34	7517646.25	3149.22
351507.11	7517646.75	3150.61
351606.86	7517647.25	3150.91
351706.61	7517647.75	3150.59
351806.35	7517648.25	3150.14
351906.08	7517648.75	3149.35
352005.80	7517649.25	3148.17
352105.52	7517649.75	3146.9
352205.23	7517650.25	3145.28
352304.95	7517650.75	3142.42
352404.65	7517651.25	3138.14
352504.34	7517651.75	3134.05
352604.03	7517652.38	3131.71
352703.72	7517653.00	3130.6
352803.40	7517653.50	3129.75
352903.07	7517654.00	3129.48
353002.73	7517654.50	3130.66
353102.38	7517655.13	3132.57
353202.02	7517655.75	3133.25
353301.66	7517656.25	3131.73
353401.26	7517656.88	3128.3
353500.84	7517657.50	3122.88
353799.44	7517659.25	3108.12
353898.91	7517659.75	3105.02
353998.35	7517660.38	3102.34
354097.77	7517661.13	3101.3
354197.16	7517661.75	3102
354296.49	7517662.25	3103.62
354395.77	7517662.75	3104.79
354495.02	7517663.25	3104.93
354594.25	7517663.88	3105.73
354693.45	7517664.50	3108.49
354792.60	7517665.00	3111.82
354891.72	7517665.50	3113.88
354990.77	7517665.88	3114.55
355090.56	7517667.00	3114.56
355191.33	7517669.25	3113.83
355291.60	7517670.75	3111.77
355391.17	7517671.38	3109.41
355490.57	7517671.75	3110.5
355688.40	7517671.50	3127.44
355787.14	7517671.13	3137.83
355885.91	7517670.75	3147.57
355984.77	7517670.25	3156.47
356083.87	7517669.75	3163.53
356183.31	7517669.25	3168.57
356283.07	7517668.75	3173.01
356383.31	7517668.13	3176.79
356484.09	7517667.25	3180.53
356585.41	7517665.81	3185.45
356687.40	7517663.88	3188.55
356786.20	7517661.94	3195.63
356881.64	7517660.94	3205.66
356975.55	7517660.44	3221.48
357068.93	7517660.13	3241.85
357162.28	7517660.06	3264.7
357256.12	7517660.13	3288.49
357351.36	7517660.00	3309.65
357448.41	7517659.69	3325.15
357546.77	7517659.25	3336
357645.88	7517658.69	3344.57
350908.47	7517743.38	3150.09
351008.26	7517743.75	3147.35
351108.05	7517744.25	3145.17
351207.83	7517744.63	3145.02
351307.60	7517745.00	3146.87
351407.37	7517745.50	3149.01
351507.13	7517746.00	3149.67
351606.88	7517746.50	3148.16
351706.63	7517747.00	3146.1
351806.36	7517747.50	3144.66
351906.08	7517748.00	3143.44
352005.80	7517748.50	3142.19
352105.51	7517749.00	3140.88
352205.22	7517749.50	3138.87
352304.92	7517750.00	3134.89
352404.61	7517750.50	3129.25
352504.29	7517751.00	3124.82
352603.97	7517751.63	3123.74
352703.65	7517752.25	3125.14
353002.61	7517753.75	3129.05
353102.24	7517754.38	3130.15
353201.86	7517755.00	3130.14
353301.47	7517755.50	3128.97
353401.05	7517756.13	3127.2
353500.60	7517756.75	3124.5
353699.65	7517757.75	3118.33
353799.13	7517758.38	3116.19
353898.58	7517759.00	3114.44
353997.99	7517759.63	3113.78
354097.38	7517760.25	3114.55
354196.73	7517760.75	3115.95
354296.05	7517761.25	3117.01
354395.30	7517761.75	3116.79
354494.53	7517762.25	3115.34
354593.73	7517762.75	3114.48
354692.91	7517763.25	3115.71
354792.05	7517763.75	3117.94
354891.15	7517764.13	3119.52
354990.19	7517764.50	3120.29
355090.80	7517766.44	3120.43
355191.67	7517768.44	3119.34
355291.29	7517769.00	3116.39
355390.99	7517769.50	3113.11
355490.51	7517769.75	3113.71
355589.61	7517769.63	3120.67
355688.41	7517769.25	3131.32
355787.17	7517768.75	3142.16
355886.00	7517768.25	3152
355984.86	7517767.63	3161.35
356083.80	7517766.94	3170.07
356183.14	7517766.19	3176.76
356282.94	7517765.50	3181.66
356383.14	7517764.75	3185.92
356483.75	7517763.69	3190.53
356585.03	7517762.31	3195.76
356687.38	7517760.44	3201.2
356787.00	7517759.19	3205.56
351008.27	7517843.00	3152.39
351108.06	7517843.50	3148.13
351207.84	7517844.00	3145.65
351307.62	7517844.50	3146.45
351407.38	7517845.00	3148.72
351706.63	7517846.50	3143.63
351806.36	7517847.00	3140.79
351906.08	7517847.50	3138.51
352005.79	7517848.00	3136.6
352105.48	7517848.38	3134.8
352205.18	7517848.75	3132.52
352304.88	7517849.25	3128.63
352404.56	7517849.88	3123.57
352504.23	7517850.50	3120.39
352603.90	7517851.00	3120.74
352703.56	7517851.50	3123.2
352803.21	7517852.00	3125.31
352902.84	7517852.50	3126.18
353002.48	7517853.00	3126.81
353102.09	7517853.63	3127.59
353201.69	7517854.25	3128.01
353301.27	7517854.75	3128.31
353400.83	7517855.25	3128.99
353500.37	7517855.75	3129.35
353599.88	7517856.38	3128.55
353699.38	7517857.00	3126.87
353798.82	7517857.63	3125.26
353898.24	7517858.25	3124.61
353997.63	7517858.75	3125.37
354096.99	7517859.25	3127.01
354196.33	7517859.75	3128.4
354295.63	7517860.25	3128.56
354394.87	7517860.75	3127.22
354692.40	7517862.13	3123.25
354791.52	7517862.50	3124.37
354890.61	7517862.88	3125.7
354990.36	7517863.81	3126.59
355091.02	7517865.44	3126.75
355191.23	7517866.50	3125.45
355290.92	7517867.00	3122
355390.77	7517867.50	3117.96
355490.44	7517867.75	3117.73
355589.63	7517867.50	3124.35
355688.45	7517866.94	3135.34
355787.16	7517866.31	3146.78
355885.89	7517865.69	3157.54
355984.53	7517864.94	3168.31
356083.18	7517864.13	3178.91
356182.29	7517863.31	3186.88
356282.00	7517862.63	3191.83
356381.97	7517861.88	3196.37
356482.04	7517860.81	3202.11
356582.53	7517859.63	3208.56
356684.62	7517858.19	3213.11
351108.08	7517943.00	3153.73
351207.86	7517943.50	3150.34
351307.63	7517944.00	3149.36
351407.39	7517944.38	3149.93
351606.88	7517945.25	3147.85
351706.62	7517945.75	3144.1
351806.34	7517946.25	3140.43
351906.06	7517946.75	3137.35
352005.77	7517947.25	3134.87
352105.45	7517947.63	3132.31
352205.14	7517948.00	3129.21
352304.82	7517948.50	3125.51
352404.49	7517949.13	3122.14
352504.16	7517949.75	3120.75
352603.81	7517950.25	3121.45
352703.46	7517950.75	3123.35
352902.71	7517951.75	3126.66
353002.33	7517952.25	3128.04
353101.93	7517952.75	3129.7
353201.50	7517953.25	3131.4
353301.06	7517953.75	3133.3
353400.61	7517954.38	3135.35
353500.13	7517955.00	3136.78
353599.62	7517955.63	3136.93
353699.09	7517956.25	3136.14
353798.52	7517956.75	3135.42
353897.91	7517957.25	3135.52
353997.28	7517957.75	3136.56
354096.62	7517958.25	3137.93
354195.94	7517958.75	3138.54
354295.23	7517959.25	3137.77
354691.93	7517960.88	3131.78
354791.03	7517961.13	3132.11
354890.11	7517961.50	3133
354990.56	7517963.00	3133.71
355091.20	7517964.31	3133.91
355190.70	7517964.56	3132.88
355290.43	7517965.00	3129.49
355390.41	7517965.44	3124.59
355490.36	7517965.63	3122.15
355589.84	7517965.44	3126.35
355688.80	7517964.88	3136.33
355787.44	7517964.13	3148.57
355885.84	7517963.31	3161.66
355984.05	7517962.44	3175.11
356082.26	7517961.56	3187.77
356180.99	7517960.75	3197.12
356280.39	7517960.06	3202.66
356379.98	7517959.38	3207.4
356479.49	7517958.56	3213.38
356578.98	7517957.75	3220.6
351108.08	7518042.50	3164.38
351207.85	7518042.88	3162.96
351307.62	7518043.25	3160.54
351407.38	7518043.63	3157.53
351507.13	7518044.00	3154.02
351606.87	7518044.50	3150.17
351706.59	7518045.00	3146.31
351806.31	7518045.50	3142.82
351906.03	7518046.00	3140.12
352005.73	7518046.50	3138.21
352105.41	7518047.00	3136.11
352205.09	7518047.38	3133.06
352304.77	7518047.75	3129.16
352404.41	7518048.25	3125.92
352504.06	7518048.75	3124.79
352603.71	7518049.25	3125.31
352703.34	7518049.75	3126.88
352802.96	7518050.25	3129.2
352902.57	7518050.88	3131.76
353002.17	7518051.50	3134.48
353101.75	7518052.00	3137.1
353201.31	7518052.50	3139.36
353300.86	7518053.00	3141.56
353400.38	7518053.63	3143.52
353698.80	7518055.25	3145.55
353798.21	7518055.75	3145.96
353897.59	7518056.25	3146.6
353996.95	7518056.75	3147.47
354096.27	7518057.25	3147.98
354195.57	7518057.63	3147.43
354294.84	7518058.00	3146.02
354394.05	7518058.38	3144.34
354493.23	7518058.75	3142.83
354691.50	7518059.50	3141.15
354790.59	7518059.75	3140.95
354890.23	7518060.44	3141.02
354990.61	7518061.69	3141.23
355090.61	7518062.38	3141.57
355190.09	7518062.63	3141.03
355289.84	7518062.94	3137.85
355389.93	7518063.25	3132.21
355490.16	7518063.38	3127.41
355590.13	7518063.31	3127.6
355689.46	7518062.88	3134.78
355788.04	7518062.06	3147.48
355886.12	7518061.13	3162.92
355983.91	7518060.19	3178.74
356081.70	7518059.38	3193.03
356179.93	7518058.69	3203.96
356278.71	7518057.94	3211.29
356377.70	7518057.31	3217.24
356476.62	7518056.88	3223.69
351207.84	7518142.13	3180.92
351307.60	7518142.50	3176.76
351407.36	7518143.00	3169.88
351507.11	7518143.50	3161.68
351606.84	7518144.00	3154.84
351706.56	7518144.38	3149.96
351806.28	7518144.75	3146.41
351905.99	7518145.25	3144.41
352005.69	7518145.75	3143.95
352105.36	7518146.25	3143.91
352205.02	7518146.63	3142.54
352304.69	7518147.00	3138.64
352404.33	7518147.50	3134.04
352503.97	7518148.00	3132.08
352603.60	7518148.50	3132.87
352703.22	7518149.00	3134.84
352802.83	7518149.50	3137.45
352902.42	7518150.13	3140.46
353002.00	7518150.75	3143.51
353101.56	7518151.25	3146.21
353201.12	7518151.75	3148.57
353300.64	7518152.25	3150.67
353400.15	7518152.75	3152.28
353499.64	7518153.25	3153.33
353599.09	7518153.75	3154.27
353698.52	7518154.25	3155.33
353797.92	7518154.75	3156.28
353897.29	7518155.25	3157
353996.63	7518155.75	3157.55
354095.93	7518156.13	3157.5
354195.21	7518156.38	3156.48
354294.46	7518156.75	3154.84
354393.68	7518157.25	3153
354492.86	7518157.63	3151.54
354592.00	7518157.88	3150.69
354691.11	7518158.13	3150.02
354790.20	7518158.38	3149.32
354890.34	7518159.38	3148.63
354990.63	7518160.31	3148.32
355090.02	7518160.50	3148.61
355189.50	7518160.69	3148.15
355389.41	7518161.06	3139.26
355489.77	7518161.13	3133.47
355984.06	7518158.13	3180.39
356081.55	7518157.38	3195.2
356179.23	7518156.75	3207.68
356277.21	7518156.13	3217.66
356375.33	7518155.69	3226.16
351307.58	7518242.00	3190.67
351407.33	7518242.38	3180.57
351507.08	7518242.75	3169.37
351606.81	7518243.25	3160.76
351706.53	7518243.63	3154.88
351806.24	7518244.00	3150.96
351905.94	7518244.50	3149.73
352005.63	7518245.00	3150.96
352105.30	7518245.38	3152.81
352204.95	7518245.75	3152.53
352304.60	7518246.25	3148.51
352404.23	7518246.75	3143.34
352503.87	7518247.25	3141.24
352603.48	7518247.75	3142.41
352703.09	7518248.25	3144.74
352802.69	7518248.75	3147.67
352902.27	7518249.25	3151.06
353001.83	7518249.75	3154.24
353101.38	7518250.25	3156.93
353200.91	7518250.75	3159.44
353300.42	7518251.25	3161.42
353399.91	7518251.75	3162.47
353499.39	7518252.25	3163.24
353598.84	7518252.75	3164.3
353698.25	7518253.25	3165.33
353797.63	7518253.75	3165.92
353896.98	7518254.25	3166.08
353996.31	7518254.63	3166.26
354095.61	7518254.88	3166.49
354194.88	7518255.25	3166.03
354294.12	7518255.75	3164.43
354393.33	7518256.13	3162.02
354492.50	7518256.38	3159.82
354591.64	7518256.63	3158.53
354690.75	7518256.88	3157.53
354790.21	7518257.38	3156.39
354890.24	7518258.13	3155.42
354990.05	7518258.56	3154.95
355089.45	7518258.69	3154.85
355188.98	7518258.81	3153.74
355288.79	7518258.94	3150.25
355388.86	7518259.00	3145.33
351307.55	7518341.25	3202.87
351407.30	7518341.63	3190.67
351507.04	7518342.00	3177.67
351606.77	7518342.50	3167.26
351706.48	7518342.88	3160.39
351806.19	7518343.25	3156.23
351905.88	7518343.75	3155.32
352005.55	7518344.25	3157.49
352105.22	7518344.63	3160.49
352204.88	7518345.00	3160.99
352304.52	7518345.50	3157.72
352404.14	7518346.00	3153.46
352503.76	7518346.50	3151.75
352603.36	7518346.88	3152.9
352702.95	7518347.25	3155.59
352802.54	7518347.75	3159.62
352902.11	7518348.25	3164.21
353001.66	7518348.75	3167.91
353101.20	7518349.25	3170.39
353200.70	7518349.75	3172.31
353300.20	7518350.25	3173.44
353499.15	7518351.25	3173.91
353598.58	7518351.75	3174.56
353697.98	7518352.25	3174.9
353797.34	7518352.63	3174.63
353896.69	7518353.00	3174.19
353996.02	7518353.38	3174.4
354095.30	7518353.75	3175.39
354194.56	7518354.13	3175.75
354293.80	7518354.50	3174.2
354393.00	7518354.88	3171.18
354492.18	7518355.13	3168.11
354591.33	7518355.25	3166.02
354690.44	7518355.50	3164.73
354790.18	7518356.19	3163.58
354890.05	7518356.69	3162.62
354989.41	7518356.81	3161.99
355088.84	7518356.88	3161.15
355188.44	7518356.94	3159.02
355288.27	7518357.00	3155.27
351407.25	7518441.00	3202.49
351506.98	7518441.38	3188.3
351606.70	7518441.75	3175.36
351706.41	7518442.13	3166.62
351806.11	7518442.50	3161.84
351905.80	7518443.00	3160.45
352005.47	7518443.38	3162.46
352105.13	7518443.75	3166.05
352204.77	7518444.25	3167.8
352304.41	7518444.75	3166.4
352404.03	7518445.25	3163.97
352503.64	7518445.75	3163.14
352603.23	7518446.13	3164.45
352702.82	7518446.50	3167.76
352802.39	7518447.00	3173.29
352901.95	7518447.38	3179.22
353001.48	7518447.75	3182.92
353101.00	7518448.25	3184.14
353200.50	7518448.75	3184.5
353299.99	7518449.25	3184.6
353399.46	7518449.75	3184.4
353498.91	7518450.25	3184.3
353598.33	7518450.75	3184.2
353697.72	7518451.13	3183.68
353797.08	7518451.38	3182.98
353896.41	7518451.75	3183.22
353995.73	7518452.25	3184.96
354095.02	7518452.63	3187.08
354194.27	7518452.88	3187.39
354293.50	7518453.13	3184.95
354392.71	7518453.50	3181.04
354491.90	7518453.75	3177
354591.05	7518453.88	3173.92
354690.18	7518454.13	3172.53
354789.71	7518454.56	3171.78
354889.36	7518454.88	3170.85
354988.71	7518454.94	3169.73
355088.17	7518455.06	3167.98
355187.80	7518455.13	3165.08
351407.18	7518540.25	3215.46
351506.91	7518540.63	3201.06
351606.63	7518541.00	3186.57
351706.34	7518541.38	3175.28
351806.02	7518541.75	3168.81
351905.70	7518542.25	3166.53
352005.38	7518542.63	3167.71
352105.03	7518543.00	3170.83
352204.67	7518543.50	3173.01
352304.29	7518543.88	3173.51
352403.91	7518544.25	3173.85
352503.51	7518544.75	3174.95
352603.09	7518545.25	3176.94
352802.23	7518546.25	3186.85
352901.77	7518546.63	3193.07
353001.30	7518546.88	3195.57
353100.80	7518547.25	3194.78
353200.30	7518547.75	3193.71
353299.78	7518548.25	3193.45
353399.23	7518548.75	3193.38
353498.66	7518549.25	3193.09
353598.08	7518549.63	3192.49
353697.47	7518549.88	3191.92
353796.83	7518550.25	3192.42
353896.16	7518550.75	3195.11
353995.47	7518551.13	3199.4
354094.77	7518551.38	3202.45
354194.02	7518551.63	3201.5
354293.24	7518551.88	3197.02
354392.45	7518552.13	3191.5
354491.65	7518552.38	3185.96
354590.81	7518552.63	3181.73
354689.95	7518552.75	3180.24
354789.27	7518552.94	3179.95
354888.67	7518553.13	3179
354988.02	7518553.13	3177.3
355087.46	7518553.19	3174.92
351506.83	7518639.88	3214.16
351606.54	7518640.25	3200.36
351706.24	7518640.63	3187.2
351805.93	7518641.00	3178.28
351905.61	7518641.38	3174.97
352005.27	7518641.75	3175.29
352104.92	7518642.25	3177.17
352204.56	7518642.75	3179.28
352304.17	7518643.13	3181.65
352403.77	7518643.38	3184.74
352503.37	7518643.75	3187.67
352602.95	7518644.25	3190.27
352702.51	7518644.75	3194.07
352802.05	7518645.25	3199.97
352901.58	7518645.75	3205.01
353001.10	7518646.00	3205.56
353100.60	7518646.25	3203.18
353200.09	7518646.75	3201.32
353299.56	7518647.25	3200.63
353399.02	7518647.75	3200.22
353498.44	7518648.13	3199.79
353597.84	7518648.38	3199.9
353697.22	7518648.75	3201.52
353796.58	7518649.25	3205.14
353895.91	7518649.63	3210.36
353995.23	7518649.88	3215.8
354094.52	7518650.13	3218.18
354193.78	7518650.38	3215.15
354293.02	7518650.63	3208.69
354392.23	7518650.88	3201.51
354491.42	7518651.13	3194.45
354590.60	7518651.25	3189.21
354689.68	7518651.25	3187.36
354788.78	7518651.31	3187.27
354888.02	7518651.38	3186.41
354987.32	7518651.38	3184.49
351506.75	7518739.13	3226.09
351606.45	7518739.50	3214.05
351706.14	7518739.88	3200.97
351805.83	7518740.25	3190.56
351905.51	7518740.63	3186.35
352005.16	7518741.00	3186.21
352104.80	7518741.38	3187.61
352204.43	7518741.75	3190.11
352304.04	7518742.25	3193.58
352403.63	7518742.63	3197.63
352503.22	7518742.88	3201.23
352602.80	7518743.25	3204.44
352702.34	7518743.75	3208.56
352801.88	7518744.25	3213.79
352901.40	7518744.75	3217.39
353000.91	7518745.00	3216.91
353100.41	7518745.25	3214.36
353199.88	7518745.75	3212.16
353299.34	7518746.25	3210.19
353398.80	7518746.75	3208.26
353498.22	7518747.00	3207.36
353597.61	7518747.25	3209.46
353696.98	7518747.75	3215.08
353796.34	7518748.13	3222.05
353895.69	7518748.38	3228.33
353995.00	7518748.63	3233.04
354094.29	7518748.88	3233.42
354193.56	7518749.13	3227.84
354292.81	7518749.38	3219.58
354392.03	7518749.63	3211.35
354491.23	7518749.75	3203.55
354590.42	7518749.75	3197.67
354689.33	7518749.69	3195.02
354788.21	7518749.69	3194.44
354887.37	7518749.75	3193.67
351606.34	7518838.75	3226.32
351706.03	7518839.13	3215.18
351805.72	7518839.38	3205.58
351905.39	7518839.75	3200.96
352005.03	7518840.25	3200.45
352104.66	7518840.63	3202.31
352204.29	7518840.88	3205.31
352303.90	7518841.25	3208.64
352403.49	7518841.75	3212.13
352503.07	7518842.13	3215.63
352602.63	7518842.38	3219.47
352702.17	7518842.75	3224.07
352801.70	7518843.25	3229
352901.22	7518843.75	3232.56
353000.72	7518844.00	3233.25
353100.21	7518844.25	3232.09
353199.68	7518844.75	3230.08
353299.13	7518845.25	3226.92
353398.58	7518845.63	3223.4
353498.00	7518845.88	3222.03
353597.40	7518846.25	3225.48
353696.77	7518846.63	3233.19
353796.13	7518846.88	3241.24
353895.48	7518847.13	3247.05
353994.79	7518847.38	3250.3
354094.09	7518847.63	3249.02
354193.37	7518847.88	3241.63
354292.63	7518848.13	3231.53
354391.86	7518848.25	3222.29
354491.07	7518848.25	3214.48
354590.27	7518848.25	3208.49
354688.95	7518848.13	3204.32
351606.23	7518938.00	3237.88
351705.91	7518938.38	3230.11
351805.59	7518938.63	3223.36
351905.26	7518939.00	3219.07
352004.90	7518939.38	3217.89
352104.53	7518939.75	3219.46
352204.15	7518940.13	3222.17
352303.75	7518940.38	3224.96
352403.34	7518940.75	3227.78
352502.91	7518941.25	3231.07
352602.46	7518941.50	3235.33
352702.00	7518941.75	3240.25
352801.52	7518942.25	3245.28
352901.03	7518942.75	3249.78
353000.53	7518943.00	3252.6
353100.02	7518943.25	3253.12
353199.48	7518943.75	3251.71
353298.94	7518944.13	3248.94
353398.38	7518944.38	3245.9
353497.80	7518944.75	3244.96
353597.20	7518945.13	3247.81
353696.57	7518945.38	3253.66
353795.94	7518945.63	3259.83
353895.29	7518945.88	3263.96
353994.61	7518946.13	3265.93
354093.91	7518946.38	3264.32
354193.19	7518946.63	3256.66
354292.46	7518946.75	3245.39
354391.72	7518946.75	3235.15
354490.95	7518946.88	3226.83
351705.79	7519037.63	3246.34
351805.46	7519037.88	3243.41
351905.12	7519038.25	3240.41
352004.76	7519038.63	3238.65
352104.39	7519038.88	3238.55
352204.00	7519039.25	3239.47
352303.59	7519039.50	3241.22
352403.18	7519039.75	3243.62
352502.74	7519040.25	3246.98
352602.29	7519040.63	3251.59
352701.83	7519040.88	3256.71
352801.35	7519041.25	3261.72
352900.86	7519041.75	3266.45
353000.35	7519042.00	3270.2
353099.83	7519042.25	3271.76
353199.30	7519042.75	3271.12
353298.75	7519043.00	3269.7
353398.18	7519043.25	3269.15
353497.60	7519043.63	3270.26
354093.76	7519045.13	3278.93
354193.05	7519045.25	3270.74
354292.33	7519045.38	3259.8
351705.65	7519136.75	3262.64
351805.31	7519137.13	3262.42
351904.97	7519137.38	3261.13
352004.61	7519137.75	3259.46
352104.23	7519138.00	3257.81
352203.84	7519138.25	3256.82
352303.44	7519138.63	3257.41
352403.02	7519138.88	3259.38
352502.58	7519139.25	3262.71
352602.13	7519139.75	3267.31
352701.65	7519140.00	3272.15
352801.17	7519140.25	3276.55
352900.69	7519140.63	3280.89
353000.17	7519140.88	3284.95
353099.64	7519141.25	3287.29
353199.11	7519141.63	3287.29
353298.56	7519141.88	3287.03
351805.16	7519236.25	3277.74
351904.81	7519236.50	3276.12
352004.45	7519236.75	3274.82
352104.07	7519237.13	3273.73
352203.67	7519237.38	3273.03
352303.27	7519237.75	3273.32
352402.84	7519238.00	3274.56
352502.41	7519238.25	3277.09
352601.95	7519238.75	3280.87
352701.48	7519239.00	3284.48
352800.99	7519239.25	3287.29
352900.50	7519239.50	3291.3
352999.98	7519239.75	3296.64
353099.45	7519240.13	3301.16
351904.65	7519335.63	3285.48
352004.28	7519335.88	3284.19
352103.90	7519336.25	3284.85
352203.50	7519336.50	3286.26
352303.09	7519336.75	3287.36
352402.66	7519337.00	3288.17
352502.22	7519337.25	3289.77
352601.77	7519337.63	3292.3
352701.30	7519337.88	3294.49
352800.81	7519338.25	3296.16
352900.31	7519338.50	3299.41
351904.48	7519434.75	3291.42
352004.10	7519435.00	3290.86
352203.33	7519435.50	3296.87
352302.91	7519435.75	3299.45
352402.47	7519436.00	3300.92
352103.52	7519534.25	3298.94
352203.13	7519534.50	3305.02
		
		