5408.7 100
4805.66 204.12
4906.87 203.37
5008.05 202.62
5109.15 202
5210.12 201.37
5411.59 200
4604.51 306
5414.33 300.25
4504.19 407.25
5416.86 400.5
7675.29 2292.87
7772.43 2392
7866.5 2591.18
7963.09 2690.37
7861.94 2790.87
7961.29 2790.31
8060.77 2789.68
199.76 3882.12
299.56 3882.62
100 3981
199.8 4080.62
1096.01 5672.37
1594 5673.62
1195.45 5771.62
1295.05 5771.87
1394.66 5772.12
5270.84 414.827
5189.55 307.05
5329.07 277.108
0 0
7680.04 2646.19
5090.44 316.102
1263.85 5656.54
4637.35 481.018
1372.62 5593.29
4835.19 390.358
5080.89 443.781
4978.42 311.289
5408.7 100
4805.66 204.12
4906.87 203.37
5008.05 202.62
5109.15 202
5210.12 201.37
5411.59 200
4604.51 306
5414.33 300.25
4504.19 407.25
5416.86 400.5
7675.29 2292.87
7772.43 2392
7866.5 2591.18
7963.09 2690.37
7861.94 2790.87
7961.29 2790.31
8060.77 2789.68
199.76 3882.12
299.56 3882.62
100 3981
199.8 4080.62
1096.01 5672.37
1594 5673.62
1195.45 5771.62
1295.05 5771.87
1394.66 5772.12
5270.84 414.827
5189.55 307.05
5329.07 277.108
0 0
7680.04 2646.19
5090.44 316.102
1263.85 5656.54
4637.35 481.018
1372.62 5593.29
4835.19 390.358
5080.89 443.781
4978.42 311.289