"356217.17	7513862.38	2927.93
355614.13	7513966.5	2876.94
355715.34	7513965.75	2884.49
355816.52	7513965.	2892.35
355917.62	7513964.38	2904.39
356018.59	7513963.75	2915.63
356119.42	7513963.13	2926.53
356220.06	7513962.38	2936.26
355412.98	7514068.38	2880.64
355514.34	7514067.63	2879.77
355615.7	7514067.	2884.26
355717.08	7514066.25	2890.63
355818.43	7514065.5	2895.71
355919.73	7514064.75	2906.72
356020.91	7514064.	2920.93
356121.95	7514063.38	2934.39
356222.8	7514062.63	2943.66
355312.66	7514169.63	2906.32
355414.09	7514169.	2897.56
355515.55	7514168.38	2891.74
355617.05	7514167.63	2891.87
355718.58	7514166.88	2898.12
355820.09	7514166.13	2904.96
355921.57	7514165.25	2914.84
356022.97	7514164.38	2928.83
356124.24	7514163.63	2941.88
356225.33	7514162.88	2949.01
355313.5	7514270.38	2922.65
355415.	7514269.75	2912.13
355516.56	7514269.25	2906.2
355618.18	7514268.5	2907.47
355719.83	7514267.63	2912.52
355821.48	7514266.88	2917.7
355923.12	7514266.	2925.31
356024.7	7514265.	2936.84
356126.2	7514264.13	2946.97
356227.55	7514263.25	2951.56
355212.67	7514371.75	2943.77
355314.16	7514371.25	2937.26
355415.73	7514370.75	2927.35
355517.38	7514370.13	2922.63
355619.08	7514369.38	2923.04
355720.82	7514368.5	2925.89
355822.59	7514367.63	2929.95
355924.34	7514366.75	2935.46
356026.09	7514365.75	2942.83
356127.79	7514364.75	2948.86
356229.39	7514363.63	2951.66
356330.82	7514362.5	2953.11
355010.37	7514473.13	2952.75
355111.69	7514472.88	2950.42
355213.11	7514472.63	2952.73
355314.64	7514472.25	2949.41
355416.27	7514471.75	2940.17
355517.98	7514471.	2935.88
355619.74	7514470.25	2934.89
355721.55	7514469.5	2936.44
355823.39	7514468.5	2939.88
355925.24	7514467.5	2943
356027.11	7514466.5	2945.66
356128.97	7514465.38	2948.07
356230.78	7514464.13	2950.14
356332.52	7514462.88	2951.54
354909.41	7514573.75	2963.44
355010.63	7514573.75	2959.81
355111.97	7514573.63	2958.16
355213.41	7514573.38	2957.64
355314.97	7514573.13	2952.7
355416.63	7514572.75	2945.08
355518.37	7514572.13	2942.78
355620.17	7514571.38	2942.76
355722.03	7514570.5	2944.08
355823.92	7514569.63	2946.24
355925.84	7514568.63	2947.04
356027.77	7514567.5	2946.46
356129.73	7514566.25	2946.3
356231.72	7514565.	2947.47
356333.72	7514563.75	2948.85
356435.68	7514562.25	2949.59
356537.53	7514560.75	2950.18
354707.41	7514674.25	2982.25
354808.45	7514674.25	2974.43
354909.56	7514674.38	2967.5
355010.78	7514674.5	2964.84
355112.12	7514674.38	2962.55
355213.57	7514674.13	2956.64
355315.13	7514674.	2949.82
355416.8	7514673.75	2945.24
355518.55	7514673.25	2944.8
355620.38	7514672.5	2945.48
355722.27	7514671.63	2946.93
355824.19	7514670.88	2948.78
355926.14	7514669.88	2949.04
356028.12	7514668.63	2947.49
356130.13	7514667.38	2945.73
356232.22	7514666.13	2945.35
356335.57	7514665.13	2946.24
356439.07	7514663.94	2947.67
356541.62	7514662.19	2949.62
356643.16	7514660.13	2951.96
356740.48	7514659.5	2956.34
356835.8	7514660.25	2960.41
354505.72	7514774.13	3000.83
354606.58	7514774.5	2996.47
354707.52	7514774.75	2988.43
354808.52	7514774.88	2980.03
354909.63	7514775.13	2973.8
355010.83	7514775.25	2968.25
355112.14	7514775.13	2961.83
355213.59	7514775.	2954.6
355315.14	7514775.	2949.06
355416.79	7514774.75	2945.78
355518.54	7514774.25	2944.11
355620.38	7514773.63	2943.52
355722.27	7514772.88	2945.1
355824.19	7514772.13	2948.52
355926.16	7514771.13	2950.96
356028.16	7514769.88	2950.79
356130.2	7514768.63	2948.87
356232.32	7514767.25	2946.95
356336.93	7514766.56	2946.26
356442.02	7514765.75	2947.57
356544.57	7514764.31	2949.47
356643.6	7514762.69	2954.12
356739.25	7514761.56	2958.72
356835.09	7514761.38	2963.21
356931.98	7514761.5	2967.31
354405.05	7514874.13	3001.92
354505.8	7514874.5	3001.52
354606.63	7514874.88	2999.49
354707.54	7514875.13	2992.53
354808.52	7514875.38	2984.39
354909.6	7514875.63	2978.05
355010.78	7514875.75	2970.47
355112.06	7514875.88	2963.37
355213.47	7514876.	2958.74
355314.99	7514876.	2954.59
355416.62	7514875.75	2949.11
355518.34	7514875.25	2943.7
355620.14	7514874.75	2941.06
355722.02	7514874.13	2942.64
355823.94	7514873.38	2947.86
355925.91	7514872.38	2953.58
356027.92	7514871.25	2956.72
356129.98	7514870.	2956.29
356232.1	7514868.63	2953.25
356336.5	7514868.	2950.13
356441.36	7514867.31	2949.61
356542.8	7514866.25	2952.18
356641.84	7514865.38	2955.19
356738.77	7514864.19	2959.9
356834.45	7514863.13	2963.59
356930.88	7514862.75	2967.37
357028.2	7514862.75	2971.62
357125.52	7514862.63	2976.4
354203.88	7514973.5	3006.02
354304.45	7514973.88	3004.17
354405.11	7514974.25	3003.2
354505.84	7514974.75	3002.52
354606.63	7514975.13	2999.31
354707.5	7514975.5	2992.48
354808.45	7514975.75	2985.24
354909.48	7514976.	2979.13
355010.63	7514976.38	2973.38
355111.88	7514976.63	2969.29
355213.23	7514976.75	2966.46
355314.7	7514976.75	2962.2
355416.28	7514976.63	2954.29
355517.95	7514976.38	2945.45
355619.7	7514976.	2941.25
355721.53	7514975.5	2942.83
355823.43	7514974.75	2948.56
355925.38	7514973.88	2956.1
356027.39	7514972.88	2962.41
356129.45	7514971.63	2964.33
356231.57	7514970.38	2961.18
356334.7	7514969.31	2956.23
356438.6	7514968.88	2952.95
356539.91	7514968.5	2952.89
356638.83	7514967.63	2953.69
356737.36	7514966.63	2956.24
356834.56	7514965.56	2959.04
356930.34	7514964.5	2963.03
357026.91	7514963.88	2968.54
357124.52	7514963.63	2974.51
357222.12	7514963.38	2979.61
354003.04	7515072.63	3009.67
354103.47	7515073.25	3009.08
354203.96	7515073.75	3007.18
354304.51	7515074.13	3005.04
354405.13	7515074.5	3003.41
354505.81	7515074.88	3000.76
354606.57	7515075.25	2996.2
354707.4	7515075.75	2990.89
354808.3	7515076.13	2986.18
354909.3	7515076.5	2982.18
355010.39	7515077.	2978.56
355111.58	7515077.25	2976.04
355212.87	7515077.38	2973.7
355314.27	7515077.5	2968.93
355415.78	7515077.5	2959.63
355517.38	7515077.5	2949
355619.06	7515077.38	2944.03
355720.82	7515077.	2945.57
355822.66	7515076.38	2950.89
355924.56	7515075.63	2958.64
356026.53	7515074.63	2966.42
356128.57	7515073.5	2970.17
356230.73	7515072.25	2967.77
356332.53	7515071.	2962.23
356434.19	7515070.5	2957.5
356534.69	7515069.94	2952.57
356634.88	7515069.31	2950.31
356735.	7515068.75	2950.68
356833.68	7515067.81	2952.52
356930.82	7515066.63	2956.77
357027.61	7515065.69	2963.57
357125.34	7515065.13	2971.21
357223.01	7515064.5	2977.93
357321.48	7515064.13	2984.23
353802.49	7515171.25	3006.9
353902.79	7515171.75	3009.44
354003.14	7515172.38	3010.97
354103.55	7515173.13	3010.58
354204.01	7515173.75	3007.19
354304.52	7515174.25	3002.41
354405.1	7515174.75	2998.2
354505.73	7515175.13	2994.03
354606.44	7515175.5	2991.16
354707.23	7515176.	2989.58
354808.09	7515176.5	2987.41
354909.03	7515177.	2984.75
355010.05	7515177.5	2982.56
355111.18	7515177.88	2980.89
355212.4	7515178.13	2978.4
355313.71	7515178.38	2973.01
355415.13	7515178.5	2963.61
355516.63	7515178.5	2953.11
355618.22	7515178.5	2948.17
355719.88	7515178.38	2950.02
355821.63	7515178.	2955.34
355923.46	7515177.38	2962.72
356025.37	7515176.5	2970
356127.31	7515175.5	2973.74
356229.26	7515174.5	2972.31
356330.33	7515173.63	2968.17
356430.11	7515172.63	2960.71
356529.38	7515171.38	2953.01
356629.66	7515170.56	2948.62
356731.19	7515170.25	2947.82
356831.45	7515169.63	2949.36
356930.06	7515168.56	2953.71
357028.21	7515167.56	2960.96
357126.05	7515166.63	2969.45
357223.77	7515165.81	2977.79
357321.41	7515165.13	2985.97
357419.03	7515164.38	2994
353602.2	7515270.25	2999.12
353702.39	7515270.75	3004.31
353802.62	7515271.25	3007.95
353902.89	7515271.75	3009.08
354003.22	7515272.25	3009.77
354103.59	7515272.88	3008.2
354204.02	7515273.5	3002.36
354304.5	7515274.13	2995.15
354405.03	7515274.75	2990.16
354505.62	7515275.25	2987.52
354606.27	7515275.75	2987.4
354707.01	7515276.25	2988.06
354807.81	7515276.75	2987.3
354908.69	7515277.25	2985.68
355009.64	7515277.88	2984.48
355110.69	7515278.5	2983.24
355211.82	7515278.88	2980.21
355313.03	7515279.25	2974.24
355414.33	7515279.5	2965.61
355515.72	7515279.63	2956.62
355617.19	7515279.75	2952.84
355718.73	7515279.75	2955.65
355820.37	7515279.5	2961.35
355922.08	7515279.13	2967.86
356023.88	7515278.63	2973.27
356125.77	7515277.75	2976.16
356227.25	7515277.	2975.83
356327.51	7515276.13	2972.54
356426.95	7515274.88	2964.09
356725.9	7515271.38	2949.05
356827.51	7515271.	2951.59
356927.69	7515270.06	2956.03
357026.25	7515268.88	2962.41
357124.46	7515267.81	2970.41
357222.41	7515266.75	2979.27
357320.21	7515265.75	2988.39
357417.94	7515264.88	2997.39
357515.67	7515264.13	3005.96
353402.09	7515368.75	2993.5
353502.2	7515369.38	2994.25
353602.33	7515370.	2998.07
353702.51	7515370.5	3003.81
353802.72	7515371.13	3005.52
353902.97	7515371.75	3005.12
354003.27	7515372.25	3004.91
354103.61	7515372.75	3001.69
354204.01	7515373.25	2995.35
354304.45	7515373.88	2989.57
354404.93	7515374.63	2986.59
354505.47	7515375.25	2985.81
354606.07	7515375.75	2986.44
354706.74	7515376.25	2987.25
354807.48	7515376.88	2986.98
354908.28	7515377.5	2986
355009.16	7515378.13	2985.18
355110.12	7515378.88	2983.97
355211.14	7515379.5	2980.5
355312.23	7515380.	2974.16
355413.41	7515380.38	2966.2
355514.66	7515380.75	2958.86
355615.99	7515381.13	2956.78
355717.4	7515381.25	2960.67
355818.88	7515381.13	2966.53
355920.43	7515381.	2972.05
356022.03	7515380.75	2975.93
356123.71	7515380.25	2978.02
356224.68	7515379.63	2979.92
356324.48	7515378.5	2976.08
356423.88	7515377.13	2968.24
356622.58	7515374.25	2953.83
356721.8	7515372.88	2954.04
356823.41	7515372.19	2957.33
356924.98	7515371.44	2961.79
357023.92	7515370.13	2967.05
357122.51	7515368.88	2973.71
357220.75	7515367.63	2982.22
357416.57	7515365.38	3001.93
357514.37	7515364.44	3011.54
357612.16	7515363.5	3020.74
357709.89	7515362.56	3029.77
353202.16	7515467.5	2996.3
353302.19	7515468.	2994.68
353402.24	7515468.5	2993.33
353502.33	7515469.13	2993.31
353602.45	7515469.75	2996.37
353702.6	7515470.25	2998.85
353802.8	7515470.88	2998.91
353903.02	7515471.5	3000.19
354003.29	7515472.	3000.93
354203.95	7515473.25	2993.26
354304.35	7515473.75	2989.7
354404.8	7515474.38	2988.1
354505.28	7515475.13	2987.5
354605.82	7515475.75	2987.3
354706.43	7515476.25	2987.12
354807.09	7515477.	2986.36
354907.82	7515477.75	2985.12
355008.61	7515478.38	2984.09
355109.45	7515479.13	2983.1
355210.36	7515479.88	2980.21
355311.33	7515480.5	2974.25
355412.37	7515481.13	2966.64
355513.48	7515481.75	2960.13
355614.65	7515482.25	2959.05
355715.89	7515482.63	2963.53
355817.2	7515482.88	2969.37
355918.55	7515483.	2974.46
356019.9	7515482.88	2977.91
356121.16	7515482.75	2979.42
356221.63	7515482.13	2981.06
356321.31	7515480.75	2978.54
356420.84	7515479.25	2972.77
356520.3	7515477.75	2965.67
356619.7	7515476.13	2961.87
356719.02	7515474.5	2962.19
356820.57	7515473.56	2964.81
356922.13	7515472.69	2968.98
357021.31	7515471.25	2974.05
357120.18	7515469.81	2980.17
357218.69	7515468.44	2988.13
357610.7	7515463.75	3027.26
357708.52	7515462.75	3036.26
357806.34	7515461.88	3044.79
353102.31	7515566.5	3002.15
353202.3	7515567.13	2999.54
353302.33	7515567.75	2998.28
353402.38	7515568.25	2996.6
353502.45	7515568.88	2995.38
353602.55	7515569.5	2995.12
353702.68	7515570.	2993.74
353802.85	7515570.63	2994.33
354505.05	7515575.	2988.77
354605.54	7515575.75	2987.55
354706.07	7515576.25	2986.61
354806.66	7515577.	2985.22
354907.3	7515577.75	2983.24
355007.98	7515578.5	2981.65
355108.71	7515579.38	2981
355209.5	7515580.25	2979.4
355310.34	7515581.	2974.69
355411.23	7515581.75	2967.71
355512.17	7515582.63	2961.46
355613.17	7515583.25	2960.55
355714.23	7515583.88	2965.16
355815.33	7515584.5	2970.85
355916.47	7515584.88	2975.5
356017.63	7515585.25	2978.46
356118.55	7515585.5	2979.89
356218.67	7515584.5	2981.1
356318.27	7515582.75	2979.16
356417.86	7515581.13	2976.18
356517.39	7515579.5	2973.22
356616.87	7515577.88	2972.39
356716.29	7515576.13	2973.31
356817.68	7515574.88	2975.19
356919.14	7515573.75	2978.5
357018.51	7515572.25	2983.19
357117.55	7515570.69	2989.27
357412.99	7515566.44	3014.68
357511.09	7515565.13	3024.18
357609.09	7515564.	3033.58
357707.04	7515562.94	3042.35
357805.04	7515561.94	3049.74
357903.07	7515561.	3056.42
358001.02	7515560.	3063.54
353102.45	7515666.13	3004.23
353202.44	7515666.88	3001.88
353302.45	7515667.5	3001.39
353402.49	7515668.	2999.39
353502.55	7515668.5	2996.17
353602.63	7515669.13	2994.27
353702.75	7515669.75	2992.91
353802.89	7515670.38	2993.66
353903.06	7515671.	2995.53
354003.27	7515671.5	2996.43
354504.8	7515674.88	2987.5
354605.22	7515675.63	2986.04
354705.67	7515676.25	2985.02
354806.17	7515677.	2983.66
354906.71	7515677.88	2981.54
355007.28	7515678.63	2979.58
355107.91	7515679.5	2978.83
355208.57	7515680.5	2977.94
355309.27	7515681.38	2974.57
355410.	7515682.25	2968.77
355510.77	7515683.25	2963.1
355611.59	7515684.13	2962.22
355712.43	7515685.	2966.36
355813.3	7515685.88	2971.18
355914.19	7515686.63	2974.67
356015.07	7515687.5	2976.58
356115.65	7515687.75	2978.57
356215.64	7515686.5	2978.25
356315.31	7515684.75	2977.57
356414.95	7515683.	2978.74
356514.54	7515681.13	2981.49
356614.09	7515679.5	2984.42
356713.6	7515677.75	2986.67
356814.75	7515676.13	2988.48
356916.01	7515674.75	2990.75
357015.56	7515673.13	2994.19
357410.88	7515666.69	3022.18
357509.2	7515665.31	3030.7
357607.36	7515664.06	3039.59
357705.47	7515663.	3047.71
357803.66	7515661.94	3053.98
357901.84	7515660.88	3059.79
357999.8	7515659.94	3067.27
358097.61	7515659.	3076.12
353002.63	7515765.25	3009.5
353102.59	7515765.88	3004.74
353202.56	7515766.5	3001.26
353302.57	7515767.	2999.91
353402.59	7515767.5	2998.36
353502.63	7515768.13	2995.86
353602.7	7515768.88	2994.36
353702.79	7515769.5	2994.18
353903.05	7515770.63	2994.27
354003.23	7515771.25	2993.53
354103.42	7515771.88	2992.13
354303.91	7515773.25	2987.13
354404.19	7515773.88	2984.77
354504.5	7515774.63	2983.09
354604.85	7515775.38	2982.02
354705.23	7515776.13	2981.31
354805.65	7515777.	2980.58
354906.08	7515778.	2979.39
355006.54	7515778.75	2977.9
355107.04	7515779.5	2976.76
355207.56	7515780.5	2975.34
355308.12	7515781.63	2972.39
355408.7	7515782.75	2967.77
355509.29	7515783.75	2963.23
355609.91	7515784.88	2962.4
355710.53	7515786.13	2965.5
355811.16	7515787.25	2969.06
355911.79	7515788.38	2971.32
356012.41	7515789.63	2972.3
356112.7	7515789.63	2973.82
356212.59	7515788.13	2974.57
356312.38	7515786.5	2977.11
356412.09	7515784.75	2982.87
356511.74	7515782.75	2989.85
356611.37	7515780.88	2995.51
356710.95	7515779.	2999.76
356811.79	7515777.25	3003.32
356912.66	7515775.63	3006.55
357012.26	7515773.75	3009.59
357111.75	7515771.94	3012.52
357210.98	7515770.25	3016.78
357309.89	7515768.56	3023.16
357408.58	7515766.94	3030.39
357507.12	7515765.5	3037.89
357605.48	7515764.19	3045.8
357703.76	7515762.94	3053.18
357802.05	7515761.75	3059.28
357900.25	7515760.63	3065.56
357998.21	7515759.69	3073.66
358096.01	7515758.81	3083.16
358193.86	7515757.94	3092.03
352902.82	7515864.38	3016.39
353002.76	7515865.	3011.43
353102.71	7515865.5	3005.73
353202.68	7515866.	3001.31
353302.67	7515866.5	2999.56
353402.68	7515867.13	2999.27
353502.7	7515867.88	2998.4
353602.74	7515868.5	2996.88
353702.8	7515869.	2995.61
354303.7	7515873.	2980.21
354403.93	7515873.63	2978.15
354504.18	7515874.38	2976.95
354604.45	7515875.13	2976.22
354704.75	7515876.	2975.84
354805.07	7515876.88	2975.95
354905.4	7515877.75	2976.08
355005.75	7515878.63	2975.36
355106.13	7515879.5	2973.71
355206.51	7515880.63	2971.4
355306.91	7515881.88	2968.36
355407.33	7515883.13	2964.6
355507.74	7515884.25	2961.26
355608.16	7515885.5	2960.56
355708.58	7515887.	2962.63
355808.97	7515888.5	2965.27
355909.34	7515890.	2967.12
356009.7	7515891.5	2967.86
356109.8	7515891.5	2970.45
356209.65	7515889.88	2974.47
356309.49	7515888.13	2981.1
356409.28	7515886.25	2989.7
356509.01	7515884.25	2998
356608.7	7515882.13	3005.04
356708.35	7515880.	3012.05
356808.76	7515878.13	3019.55
356909.05	7515876.19	3026.26
357008.55	7515874.13	3030.23
357108.29	7515872.25	3030.18
357208.01	7515870.5	3029.44
357307.29	7515868.81	3032.7
357406.14	7515867.19	3039.2
357504.79	7515865.69	3046.52
357603.25	7515864.25	3054.31
357701.54	7515862.81	3062.3
357897.79	7515860.5	3078.27
357995.76	7515859.5	3086.78
358093.8	7515858.56	3094.38
358192.01	7515857.75	3100.35
358290.28	7515857.	3105.79
352902.95	7515964.	3016.05
353002.88	7515964.5	3012.18
353102.82	7515965.	3006.71
353202.78	7515965.5	3002.27
353302.76	7515966.13	3000.74
353402.74	7515966.88	3000.98
353502.75	7515967.5	3000.09
353602.77	7515968.	2997.44
353702.81	7515968.63	2993.8
353802.88	7515969.38	2988.9
353902.97	7515970.	2983.18
354003.07	7515970.5	2978.21
354103.18	7515971.25	2975.22
354203.31	7515972.	2974.02
354303.47	7515972.63	2973.28
354403.64	7515973.38	2972.51
354503.83	7515974.13	2971.82
354604.03	7515975.	2971.37
354704.24	7515975.88	2971.47
354804.45	7515976.63	2972.36
354904.68	7515977.5	2973.02
355004.91	7515978.5	2972.02
355105.16	7515979.5	2969.57
355205.41	7515980.75	2966.64
355305.66	7515982.	2963.59
355405.91	7515983.25	2960.69
355506.16	7515984.63	2958.61
355606.39	7515986.	2958.5
355706.6	7515987.5	2960.27
355806.77	7515989.25	2962.52
355906.88	7515991.13	2964.41
356006.9	7515992.88	2965.66
356106.88	7515993.13	2970.43
356206.83	7515991.63	2978.04
356306.71	7515989.75	2987.66
356406.54	7515987.75	2997.33
356506.32	7515985.63	3006.74
356606.07	7515983.25	3016.15
356705.94	7515980.94	3026.16
356805.9	7515978.81	3036.46
356905.46	7515976.56	3045.39
357004.88	7515974.38	3050.07
357104.75	7515972.44	3048.46
357204.82	7515970.63	3044.18
357304.45	7515968.88	3044.37
357403.39	7515967.19	3050.57
357501.94	7515965.56	3059.28
357600.28	7515964.	3068.55
357698.46	7515962.63	3078.01
357796.52	7515961.38	3087.42
357894.5	7515960.25	3096.72
357992.58	7515959.25	3104.62
358091.02	7515958.38	3109.1
358189.75	7515957.56	3110.98
358288.39	7515956.81	3113.67
358386.86	7515956.13	3118.11
352803.16	7516063.	3016.02
352903.06	7516063.5	3014.41
353002.98	7516064.	3011.16
353102.91	7516064.5	3006.42
353202.86	7516065.	3001.98
353302.82	7516065.75	2999.58
353402.78	7516066.5	2998.91
353502.77	7516067.	2997.44
353602.78	7516067.5	2993.96
353702.8	7516068.25	2988.72
353802.84	7516069.	2981.73
353902.88	7516069.5	2974.17
354002.95	7516070.13	2968.3
354103.02	7516070.88	2965.92
354203.11	7516071.63	2966.81
354303.21	7516072.38	2968.69
354403.33	7516073.13	2969.35
354503.45	7516073.88	2968.81
354603.57	7516074.75	2968.39
354703.7	7516075.63	2968.93
354803.82	7516076.5	2970.25
354903.93	7516077.5	2970.51
355004.04	7516078.5	2968.29
355104.15	7516079.5	2964.67
355204.27	7516080.63	2960.82
355304.38	7516081.88	2957.24
355404.47	7516083.25	2955.08
355504.55	7516084.75	2955.06
355604.6	7516086.25	2956.97
355704.63	7516087.88	2959.63
355804.59	7516089.75	2961.93
355904.49	7516091.75	2963.84
356004.34	7516094.	2965.94
356104.21	7516095.	2972.77
356204.12	7516093.63	2982.42
356304.01	7516091.38	2994.06
356403.87	7516089.	3004.64
356503.69	7516086.5	3016.07
356603.63	7516084.06	3028.48
356703.54	7516081.63	3040.73
356803.02	7516079.19	3051.23
356902.27	7516076.75	3059
357001.77	7516074.5	3062.72
357101.68	7516072.5	3060.99
357201.76	7516070.63	3057.09
357301.38	7516068.88	3057.78
357400.19	7516067.06	3065.42
357498.5	7516065.31	3076.4
357596.64	7516063.75	3087.34
357694.73	7516062.38	3097.51
357792.78	7516061.13	3107.1
357890.84	7516060.	3115.95
357989.21	7516059.	3121.76
358088.11	7516058.13	3122.95
358187.27	7516057.38	3121.97
358286.27	7516056.63	3122.34
358385.06	7516055.88	3124.72
358483.76	7516055.25	3127.91
352803.27	7516162.5	3014.15
352903.16	7516163.	3012.46
353003.07	7516163.5	3009.74
353102.99	7516164.	3005.82
353202.92	7516164.63	3001.55
353302.86	7516165.38	2998.03
353402.81	7516166.	2995.44
353502.79	7516166.5	2992.43
353602.77	7516167.13	2988.16
353702.76	7516167.88	2982.7
353802.76	7516168.5	2975.88
353902.77	7516169.13	2968.72
354002.8	7516169.88	2963.67
354102.84	7516170.5	2962.45
354202.88	7516171.25	2964.4
354302.92	7516172.	2967.05
354402.98	7516172.75	2967.91
354503.04	7516173.63	2967.12
354603.09	7516174.38	2966.27
354703.13	7516175.25	2966.15
354803.15	7516176.25	2966.77
354903.15	7516177.25	2966.3
355003.14	7516178.25	2963.26
355103.13	7516179.38	2958.68
355203.1	7516180.5	2953.71
355303.06	7516181.75	2949.42
355403.	7516183.25	2948.15
355502.92	7516184.75	2950.9
355602.81	7516186.25	2955.69
355702.66	7516188.	2959.78
355802.46	7516190.	2962.29
355902.21	7516192.	2964.4
356001.93	7516194.25	2968.18
356101.46	7516196.25	2973.77
356201.3	7516195.44	2988.73
356301.38	7516192.63	3000.56
356401.27	7516189.88	3012.44
356501.13	7516187.13	3025.36
356601.19	7516184.56	3038.67
356700.94	7516181.94	3050.63
356800.23	7516179.25	3059.6
356899.63	7516176.81	3065.7
356999.18	7516174.56	3069.03
357098.97	7516172.5	3069.08
357198.79	7516170.56	3068.45
357298.16	7516168.69	3071.77
357396.78	7516166.81	3081.04
357494.85	7516165.06	3093.78
357592.77	7516163.5	3106.19
357690.8	7516162.13	3116.63
357788.9	7516160.94	3125.68
357887.11	7516159.88	3133.41
357985.83	7516158.94	3136.78
358085.19	7516158.	3135.03
358184.74	7516157.19	3131.92
358284.14	7516156.44	3130
358383.29	7516155.75	3130.09
358482.16	7516155.13	3132.42
358580.9	7516154.38	3135.93
352703.5	7516261.5	3014.15
352803.38	7516262.	3013.04
352903.26	7516262.5	3011
353003.15	7516263.	3008.34
353103.05	7516263.5	3005.01
353202.97	7516264.25	3001.23
353302.89	7516265.	2997.25
353402.83	7516265.5	2992.9
353502.78	7516266.	2987.89
353602.74	7516266.75	2982.57
353702.7	7516267.5	2977.22
353802.67	7516268.	2972.07
353902.65	7516268.75	2967.82
354002.63	7516269.5	2965.23
354102.63	7516270.	2964.72
354202.62	7516270.75	2965.77
354302.61	7516271.5	2967.15
354402.6	7516272.25	2967.63
354502.59	7516273.25	2967.08
354602.57	7516274.13	2965.57
354702.52	7516274.88	2963.33
354802.45	7516275.75	2961.7
354902.35	7516276.75	2960.13
355002.23	7516277.88	2956.88
355102.09	7516279.13	2952.02
355201.94	7516280.25	2946.71
355301.76	7516281.5	2943.09
355401.55	7516283.	2944.05
355501.31	7516284.5	2949.46
355601.05	7516286.	2956.03
355700.74	7516287.75	2960.97
355800.4	7516289.75	2963.72
355900.02	7516291.63	2966.47
355999.62	7516293.5	2972.39
356099.	7516295.75	2981.02
356198.76	7516296.06	2997.11
356298.83	7516293.5	3007.45
356398.74	7516290.38	3020.72
356498.84	7516287.56	3033.8
356598.88	7516284.75	3045.34
356698.51	7516281.94	3054.52
356797.96	7516279.25	3061.66
356897.38	7516276.81	3067.93
356996.77	7516274.5	3073.7
357096.16	7516272.31	3078.24
357195.56	7516270.31	3081.92
357294.7	7516268.38	3087.13
357393.19	7516266.5	3096.93
357491.06	7516264.81	3110.54
357588.86	7516263.25	3123.39
357686.93	7516261.88	3133.03
357785.12	7516260.69	3141.33
357883.41	7516259.63	3148.52
357982.43	7516258.81	3150.2
358082.29	7516258.	3145.66
358182.31	7516257.06	3139.94
358282.11	7516256.31	3135.86
358381.54	7516255.63	3134.53
358480.44	7516254.88	3137.44
358578.94	7516254.25	3143.82
352703.6	7516361.	3013.99
352803.46	7516361.5	3012.17
352903.34	7516362.	3009.35
353003.22	7516362.5	3006.09
353103.1	7516363.	3003.2
353203.	7516363.75	3000.26
353302.91	7516364.5	2996.29
353402.83	7516365.	2990.77
353502.75	7516365.5	2984.25
353602.69	7516366.25	2978.09
353702.63	7516367.	2972.77
353802.56	7516367.5	2969.01
353902.5	7516368.25	2967.54
354002.45	7516369.	2967.61
354102.39	7516369.63	2968.07
354202.34	7516370.38	2968.34
354302.28	7516371.13	2968.71
354402.2	7516371.88	2969.29
354502.12	7516372.75	2969.31
354602.02	7516373.75	2967.23
354701.88	7516374.63	2962.85
354801.73	7516375.38	2958.37
354901.54	7516376.38	2954.64
355001.31	7516377.63	2950.91
355101.05	7516378.75	2946.75
355200.78	7516379.88	2942.44
355300.47	7516381.13	2940.83
355400.12	7516382.5	2944.94
355499.73	7516384.	2952.64
355599.33	7516385.5	2959.89
355698.89	7516387.13	2965.05
355798.41	7516389.	2968.03
355897.92	7516390.75	2971.41
355997.41	7516392.38	2978.31
356096.91	7516394.13	2988.54
356196.52	7516395.25	2999.44
356296.82	7516393.88	3013.42
356397.11	7516390.63	3027.48
356497.02	7516387.56	3038.72
356596.91	7516384.69	3047.03
356696.48	7516381.88	3054.32
356795.9	7516379.19	3062.35
356895.14	7516376.63	3071.12
356994.21	7516374.25	3080.27
357093.14	7516372.	3089.34
357192.05	7516369.94	3097.02
357290.86	7516368.06	3104.38
357389.12	7516366.19	3115.2
357486.86	7516364.5	3128.88
357584.82	7516363.06	3139.63
357683.29	7516361.69	3146.03
357781.7	7516360.5	3152.65
357880.15	7516359.5	3158.94
357979.54	7516358.63	3158.56
358079.9	7516357.88	3151.42
358180.29	7516357.	3144.11
358280.22	7516356.13	3140.01
358379.61	7516355.38	3139.87
358478.32	7516354.75	3145.04
358576.63	7516354.19	3153.99
358674.97	7516353.56	3163.42
352603.84	7516459.75	3019.7
352703.69	7516460.5	3015.73
352803.54	7516461.	3011.55
352903.4	7516461.5	3006.81
353003.27	7516462.	3002.66
353103.13	7516462.5	3000.22
353203.02	7516463.25	2998.34
353302.91	7516464.	2994.67
353402.8	7516464.5	2988.42
353502.7	7516465.	2981.08
353602.62	7516465.75	2974.51
353702.52	7516466.5	2969.04
353802.43	7516467.	2965.18
353902.34	7516467.75	2964.46
354002.23	7516468.5	2966.76
354102.13	7516469.25	2969.39
354202.03	7516470.	2970.5
354301.92	7516470.75	2971.05
354401.78	7516471.5	2971.96
354501.63	7516472.25	2972.06
354601.45	7516473.25	2969.37
354701.23	7516474.25	2963.91
354800.98	7516475.13	2957.49
354900.7	7516476.13	2951.25
355000.38	7516477.25	2946.54
355100.02	7516478.25	2943.51
355199.63	7516479.5	2941.03
355299.2	7516480.75	2941.62
355398.72	7516482.	2948.11
355498.21	7516483.5	2957.3
355597.68	7516484.88	2965.13
355697.11	7516486.25	2970.97
355796.51	7516487.88	2975.16
355895.91	7516489.5	2979.41
355995.3	7516491.	2985.73
356094.72	7516492.38	2994.55
356194.96	7516493.94	3005.27
356295.8	7516493.5	3016.47
356395.75	7516490.44	3029.28
356495.32	7516487.25	3038.42
356595.09	7516484.38	3044.65
356694.68	7516481.63	3052.6
356793.84	7516478.88	3064.35
356892.68	7516476.19	3077.49
356991.4	7516473.75	3089.6
357384.75	7516465.75	3133.9
357482.46	7516464.06	3146.68
357580.76	7516462.75	3154.43
357679.7	7516461.56	3157.35
357778.59	7516460.5	3160.75
357877.61	7516459.5	3163.4
357977.53	7516458.5	3160.06
358078.15	7516457.69	3152.19
358178.48	7516456.94	3146.31
358278.13	7516456.	3145.15
358377.21	7516455.25	3148.14
358475.75	7516454.75	3155.47
358574.05	7516454.06	3165.3
358672.61	7516453.31	3173.94
358771.56	7516452.75	3180.18
352603.93	7516559.13	3025.24
352703.77	7516559.88	3019.2
352803.6	7516560.5	3012.22
352903.44	7516561.	3005.29
353003.29	7516561.5	2999.9
353103.15	7516562.	2997.21
353203.02	7516562.63	2995.69
353302.89	7516563.38	2992.1
353402.76	7516564.	2985.54
353502.63	7516564.5	2978.18
353602.52	7516565.25	2972
353702.4	7516566.	2966.7
353802.27	7516566.5	2962.14
353902.15	7516567.25	2960.92
354002.01	7516568.	2964.26
354101.86	7516568.75	2968.94
354201.7	7516569.5	2971.7
354301.53	7516570.25	2972.83
354401.33	7516571.	2973.58
354501.11	7516571.75	2973.1
354600.86	7516572.75	2969.78
354700.56	7516573.75	2963.95
354800.23	7516574.63	2956.51
354899.86	7516575.63	2948.25
354999.45	7516576.75	2942.17
355098.99	7516577.75	2939.9
355198.49	7516578.88	2939.64
355297.95	7516580.13	2942.57
355397.37	7516581.38	2950.29
355496.75	7516582.75	2959.79
355596.1	7516584.	2968.23
355695.41	7516585.25	2975.81
355794.7	7516586.75	2982.57
355893.99	7516588.13	2988.13
355993.28	7516589.38	2992.82
356092.58	7516590.63	2997.58
356193.46	7516592.75	3006.13
356294.47	7516592.75	3015.11
356393.92	7516589.69	3025.14
356493.61	7516586.69	3034.03
356593.44	7516583.88	3041.19
356692.96	7516581.06	3051.36
356791.88	7516578.25	3066.3
356890.37	7516575.56	3082.8
357185.4	7516568.81	3120.68
357283.33	7516567.06	3133.03
357380.9	7516565.38	3146.81
357478.62	7516563.81	3158.69
357577.09	7516562.56	3164.96
357676.21	7516561.5	3166.91
357775.53	7516560.5	3167.81
357875.23	7516559.5	3166.43
357975.6	7516558.5	3160.99
358076.19	7516557.56	3154.32
358176.18	7516556.81	3151.72
358275.42	7516556.	3154.24
358374.32	7516555.25	3159.41
358472.93	7516554.69	3166.94
358571.5	7516553.94	3175.48
358670.41	7516553.25	3182.17
358769.76	7516552.69	3186.22
358869.24	7516552.06	3189.82
352504.2	7516658.	3035.28
352604.	7516658.5	3029.24
352703.82	7516659.25	3022.16
352803.64	7516660.	3014.11
352903.47	7516660.5	3006.21
353003.3	7516661.	2999.52
353103.15	7516661.5	2995.32
353203.	7516662.	2992.62
353302.85	7516662.75	2988.42
353402.7	7516663.5	2981.96
353502.55	7516664.	2975.56
353602.41	7516664.63	2970.81
353702.25	7516665.38	2966.5
353802.09	7516666.	2962.01
353901.93	7516666.75	2960.08
354001.75	7516667.5	2962.91
354101.55	7516668.13	2968.2
354201.34	7516668.88	2972
354301.12	7516669.75	2973.36
354400.86	7516670.5	2973.45
354500.57	7516671.25	2972.01
354600.25	7516672.25	2968.3
354699.89	7516673.13	2962.47
354799.48	7516673.88	2954.28
354899.02	7516674.88	2944.42
354998.52	7516676.	2937.16
355097.98	7516677.	2935.77
355197.4	7516678.13	2938.3
355296.77	7516679.38	2943.6
355396.09	7516680.5	2951.72
355495.36	7516681.75	2960.82
355594.6	7516683.	2969.91
355693.81	7516684.13	2979.53
355792.99	7516685.38	2988.67
355892.17	7516686.5	2994.95
355991.35	7516687.63	2997.27
356090.52	7516688.88	2997.79
356190.99	7516691.38	3002.98
356291.98	7516691.75	3010.23
356392.03	7516688.81	3018.54
356492.04	7516686.	3027.87
356591.96	7516683.19	3036.99
356691.47	7516680.31	3049.04
356790.35	7516677.5	3064.98
356888.74	7516674.88	3082.11
356986.92	7516672.44	3097.77
357183.18	7516668.38	3122.63
357280.79	7516666.63	3136.4
357377.98	7516665.	3151.95
357475.5	7516663.63	3164.63
357573.98	7516662.5	3170.95
357673.16	7516661.5	3172.95
357772.63	7516660.5	3173.4
357872.55	7516659.5	3171.4
357973.	7516658.5	3166.4
358073.47	7516657.5	3161.4
358173.23	7516656.75	3161.2
358272.3	7516656.	3165.65
358371.26	7516655.25	3171.18
358470.13	7516654.56	3177.64
352504.27	7516757.5	3036.75
352604.06	7516758.	3031.23
352703.87	7516758.63	3023.87
352803.67	7516759.38	3015.99
352903.49	7516760.	3008.34
353003.31	7516760.5	3001.02
353103.13	7516761.	2994.95
353202.96	7516761.5	2990.31
353302.79	7516762.13	2985.37
353402.63	7516762.88	2979.69
353502.46	7516763.5	2974.98
353602.27	7516764.	2971.79
353702.09	7516764.75	2968.66
353801.9	7516765.5	2964.94
353901.7	7516766.13	2962.52
354001.48	7516766.88	2963.8
354101.23	7516767.5	2968.18
354200.97	7516768.25	2972.02
354300.69	7516769.13	2973.08
354400.38	7516769.88	2971.86
354500.02	7516770.75	2968.88
354599.63	7516771.63	2964.58
354699.2	7516772.38	2958.96
354798.73	7516773.25	2950.73
354898.2	7516774.25	2940.8
354997.63	7516775.25	2934.26
355097.01	7516776.25	2934.52
355196.34	7516777.38	2939.18
355295.62	7516778.5	2945.79
355394.86	7516779.5	2953.79
355494.05	7516780.63	2962.52
355593.2	7516781.75	2972.28
355692.3	7516782.75	2983.41
355791.38	7516783.75	2993.86
355890.45	7516784.75	2999.69
355989.74	7516786.81	2999.63
356089.	7516788.88	2997.62
356188.47	7516790.69	2999.68
356289.02	7516790.63	3004.83
356389.92	7516787.81	3012.79
356490.46	7516785.06	3022.11
356590.7	7516782.38	3031.51
356690.41	7516779.56	3043.58
356789.39	7516776.81	3059.38
356887.8	7516774.25	3076.37
356985.87	7516771.88	3092.6
357083.79	7516769.75	3107.08
357181.55	7516767.88	3120.62
357278.8	7516766.19	3136.01
357375.6	7516764.69	3153.33
357472.78	7516763.5	3167.68
357571.16	7516762.44	3174.69
357670.46	7516761.38	3176.52
357770.05	7516760.44	3176.98
357869.89	7516759.5	3176.21
357970.13	7516758.5	3173.43
358070.41	7516757.5	3170.54
358170.1	7516756.75	3171.54
358269.28	7516756.	3175.99
358368.39	7516755.25	3181.19
352504.33	7516857.	3036.87
352604.12	7516857.5	3031.55
352703.91	7516858.	3024.11
352803.7	7516858.63	3016.89
352903.5	7516859.38	3010.5
353003.3	7516860.	3003.64
353103.11	7516860.5	2996.85
353202.91	7516861.	2991.41
353302.72	7516861.5	2986.59
353402.53	7516862.25	2982.13
353502.34	7516863.	2978.9
353602.13	7516863.5	2976.56
353701.91	7516864.25	2973.95
353801.68	7516865.	2970.79
353901.44	7516865.5	2968.21
354001.18	7516866.25	2967.76
354100.9	7516867.	2969.85
354200.59	7516867.75	2972.09
354300.25	7516868.5	2971.56
354399.88	7516869.25	2968.2
354499.45	7516870.13	2963.5
354599.	7516870.88	2958.46
354698.52	7516871.75	2952.9
354797.97	7516872.75	2945.66
354897.38	7516873.63	2938.09
354996.74	7516874.5	2934.74
355096.05	7516875.5	2936.89
355195.31	7516876.5	2941.93
355294.52	7516877.5	2948.59
355393.68	7516878.38	2956.41
355492.8	7516879.25	2964.87
355591.87	7516880.25	2974.92
355690.89	7516881.25	2986.93
355790.12	7516883.06	2998.04
355889.3	7516884.88	3003.5
355988.39	7516886.94	3002.66
356087.36	7516889.	2999.94
356185.89	7516890.	2999.72
356286.09	7516889.38	3001.97
356387.77	7516886.88	3008.49
356488.92	7516884.13	3016.86
356589.63	7516881.5	3025.35
356689.71	7516878.88	3036.3
356788.87	7516876.13	3051.86
356887.26	7516873.5	3069.37
356985.19	7516871.19	3086.35
357082.75	7516869.13	3102.78
357179.93	7516867.25	3119.33
357276.69	7516865.69	3136.9
357373.13	7516864.38	3155.38
357470.04	7516863.25	3170.78
357568.34	7516862.19	3178.38
357667.78	7516861.13	3179.97
357767.54	7516860.25	3180.16
357867.39	7516859.44	3180.17
357967.41	7516858.5	3179.41
358067.51	7516857.5	3178.46
358167.26	7516856.69	3179.76
358266.7	7516855.94	3183.21
352504.38	7516956.5	3035.54
352604.16	7516957.	3029.82
352703.93	7516957.5	3022.33
352803.7	7516958.	3016.39
352903.49	7516958.63	3012.11
353003.28	7516959.25	3006.81
353103.07	7516959.88	3000.91
353202.86	7516960.5	2996.08
353302.64	7516961.	2991.88
353402.42	7516961.63	2988.16
353502.2	7516962.38	2985.35
353601.95	7516963.	2982.98
353701.7	7516963.63	2980.45
353801.45	7516964.38	2977.53
353901.16	7516965.	2974.79
354000.86	7516965.63	2972.9
354100.53	7516966.38	2972.07
354200.18	7516967.13	2971.17
354299.8	7516967.88	2968.04
354399.37	7516968.63	2962.84
354498.89	7516969.38	2957.36
354598.38	7516970.25	2952.22
354697.83	7516971.13	2946.86
354797.23	7516972.	2941.23
354896.57	7516972.88	2937.37
354995.87	7516973.63	2937.66
355095.13	7516974.5	2941.04
355194.33	7516975.5	2945.66
355293.48	7516976.38	2951.7
355392.58	7516977.13	2959.09
355491.63	7516977.88	2967.35
355590.63	7516978.75	2977.49
355689.94	7516980.69	2989.92
355789.4	7516983.31	3001.11
355888.38	7516985.	3006.83
355986.98	7516986.13	3007.3
356085.36	7516987.25	3005.44
356183.53	7516988.25	3004.08
356283.68	7516987.94	3003.32
356385.78	7516985.81	3006.75
356487.46	7516983.31	3012.84
356588.68	7516980.63	3020.16
356689.18	7516978.	3030.02
356788.58	7516975.25	3044.98
356886.95	7516972.56	3063.01
356984.58	7516970.31	3081.54
357081.54	7516968.31	3100.88
357177.99	7516966.56	3120.77
357274.22	7516965.19	3140.27
357370.36	7516964.06	3159.37
357467.09	7516963.	3175.22
357565.33	7516962.	3183.27
357664.81	7516961.	3185.19
357764.59	7516960.06	3186
357864.42	7516959.25	3186.86
357964.47	7516958.44	3186.75
358064.74	7516957.5	3185.52
358164.83	7516956.56	3185.41
358264.59	7516955.81	3187.51
352404.64	7517055.25	3037.69
352504.41	7517055.88	3033.11
352604.18	7517056.5	3027.01
352703.94	7517057.	3020.18
352803.7	7517057.5	3015.72
352903.48	7517058.	3013.12
353003.24	7517058.5	3009.62
353103.01	7517059.13	3005.43
353202.78	7517059.88	3001.52
353302.54	7517060.5	2997.53
353402.29	7517061.	2993.53
353502.04	7517061.63	2989.96
353601.77	7517062.38	2986.94
353701.48	7517063.	2984.04
353801.2	7517063.63	2980.39
353900.88	7517064.38	2976.52
354000.53	7517065.	2973.39
354100.15	7517065.75	2970.79
354199.75	7517066.5	2967.9
354299.32	7517067.13	2963.5
354398.84	7517067.88	2958.01
354498.32	7517068.75	2953.21
354597.76	7517069.63	2949.08
354697.16	7517070.38	2944.54
354796.5	7517071.13	2940.69
354895.79	7517072.	2939.86
354995.03	7517072.75	2942.31
355094.23	7517073.5	2946.42
355193.38	7517074.38	2951.01
355292.48	7517075.13	2956.15
355391.54	7517075.88	2962.42
355490.53	7517076.5	2970.45
355590.	7517078.44	2980.92
355689.74	7517081.31	2993.18
355788.78	7517082.75	3003.41
355887.32	7517083.38	3009.12
355985.72	7517084.25	3011.51
356083.92	7517085.25	3011.74
356181.96	7517086.31	3010.78
356281.92	7517086.19	3008.7
356383.97	7517084.38	3009.81
356486.02	7517082.19	3013.26
356587.68	7517079.63	3019.13
356688.55	7517076.88	3027.94
356788.21	7517074.13	3041.59
356886.55	7517071.5	3059.51
356983.71	7517069.19	3080.14
357079.91	7517067.31	3102.62
357175.71	7517065.75	3124.65
357271.58	7517064.5	3144.75
357367.54	7517063.63	3163.83
357464.11	7517062.75	3179.99
357562.19	7517061.81	3189.03
357661.5	7517060.94	3192.45
357761.12	7517060.	3194.82
357860.91	7517059.13	3196.62
357961.18	7517058.31	3196.08
358061.91	7517057.44	3192.96
358162.61	7517056.5	3189.93
352404.67	7517154.5	3035.85
352504.43	7517155.13	3031.44
352604.19	7517155.75	3025.92
352703.94	7517156.38	3020.28
352803.7	7517157.	3016.44
352903.45	7517157.5	3013.84
353003.19	7517158.	3011.01
353102.94	7517158.5	3008.53
353202.69	7517159.13	3005.96
353302.42	7517159.88	3002.13
353402.15	7517160.5	2997.32
353501.87	7517161.	2992.49
353601.57	7517161.63	2988.24
353701.26	7517162.38	2983.87
353800.92	7517163.	2978.36
353900.57	7517163.63	2972.74
354000.19	7517164.38	2968.56
354099.77	7517165.13	2965.55
354199.32	7517165.88	2962.63
354298.84	7517166.5	2958.85
354398.32	7517167.13	2954.59
354497.75	7517168.	2951.36
354597.14	7517168.75	2948.78
354696.49	7517169.5	2945.93
354795.79	7517170.25	2944.25
354895.04	7517171.	2945.18
354994.23	7517171.75	2948.37
355093.38	7517172.5	2953.12
355192.48	7517173.25	2958.23
355291.53	7517173.88	2962.55
355390.54	7517174.5	2967.21
355490.18	7517176.31	2974.65
355590.26	7517179.31	2985.25
355689.48	7517180.81	2996.74
355788.05	7517181.06	3005.81
355886.53	7517181.5	3011.53
355984.88	7517182.19	3015.48
356083.05	7517183.13	3017.75
356181.06	7517184.31	3017.27
356280.5	7517184.38	3016.09
356382.27	7517182.81	3017.24
356484.71	7517180.63	3018.31
356586.65	7517178.06	3022.9
356687.72	7517175.38	3030.76
356787.56	7517172.69	3042.84
356885.81	7517170.13	3060.28
356982.44	7517167.88	3082.44
357077.97	7517166.19	3106.63
357173.3	7517164.88	3129.39
357268.9	7517163.75	3149.53
357364.7	7517163.	3168.53
357461.17	7517162.38	3184.91
357559.11	7517161.56	3194.89
357658.23	7517160.75	3199.79
357757.71	7517159.94	3203.53
357857.47	7517159.06	3206.15
357957.91	7517158.19	3205.34
358058.98	7517157.31	3201.1
352205.2	7517253.	3041.62
352304.95	7517253.5	3038.43
352404.7	7517254.	3034.75
352504.44	7517254.5	3030.81
352604.18	7517255.	3026.36
352703.92	7517255.63	3021.65
352803.66	7517256.25	3017.36
352903.39	7517256.88	3013.27
353003.13	7517257.5	3009.81
353102.86	7517258.	3008.69
353202.58	7517258.5	3008.34
353302.29	7517259.13	3005.79
353401.99	7517259.88	3000.97
353501.69	7517260.5	2995.22
353601.36	7517261.	2989.17
353701.01	7517261.63	2982.55
353800.64	7517262.38	2975.38
353900.25	7517263.	2968.74
353999.83	7517263.63	2963.94
354099.38	7517264.38	2960.87
354198.89	7517265.13	2958.43
354298.37	7517265.75	2956.09
354397.8	7517266.38	2954.02
354497.19	7517267.13	2952.38
354596.53	7517267.88	2951.05
354695.84	7517268.63	2950.52
354795.1	7517269.25	2951.47
354894.31	7517270.	2953.7
354993.47	7517270.75	2957.05
355092.58	7517271.38	2961.65
355191.63	7517272.	2966.35
355290.63	7517272.5	2969.57
355390.41	7517274.31	2972.54
355490.84	7517277.38	2978.8
355590.32	7517278.94	2988.96
355688.94	7517279.06	3000.01
355787.48	7517279.19	3009.14
355885.95	7517279.5	3015.86
355984.36	7517280.	3020.96
356082.73	7517280.63	3023.97
356181.07	7517281.56	3024.13
356280.05	7517281.94	3025.39
356381.24	7517281.	3025.05
356483.75	7517278.75	3025.52
356585.79	7517276.13	3029.18
356686.93	7517273.5	3036.21
356786.84	7517270.94	3046.95
356884.93	7517268.5	3063.6
356981.07	7517266.5	3086.21
357076.05	7517265.06	3110.87
357170.93	7517264.	3133.94
357266.19	7517263.13	3154.58
357361.84	7517262.5	3173.7
357458.38	7517262.	3189.55
357556.41	7517261.31	3199.37
357655.49	7517260.5	3204.97
357754.9	7517259.75	3209.56
357854.6	7517258.94	3212.99
357954.87	7517258.06	3213.61
351806.25	7517350.	3037.82
351906.	7517350.63	3039.43
352005.74	7517351.25	3040.5
352105.48	7517351.75	3040.89
352205.23	7517352.25	3040
352304.97	7517352.75	3037.41
352404.7	7517353.38	3033.88
352504.43	7517354.	3030.1
352604.16	7517354.5	3026.09
352703.88	7517355.	3021.59
352803.61	7517355.5	3016.56
352903.33	7517356.13	3011.24
353003.05	7517356.75	3007.49
353102.77	7517357.25	3007.53
353202.46	7517357.88	3009.29
353302.15	7517358.5	3008.63
353401.82	7517359.13	3004.62
353501.49	7517359.75	2998.42
353601.13	7517360.38	2990.72
353700.74	7517361.	2982.39
353800.35	7517361.63	2974.61
353899.93	7517362.25	2968.06
353999.46	7517362.88	2963.39
354098.97	7517363.63	2960.4
354198.45	7517364.25	2958.46
354297.88	7517364.88	2957.76
354397.27	7517365.63	2957.94
354496.63	7517366.25	2957.75
354595.94	7517367.	2957.63
354695.2	7517367.75	2959.24
354794.43	7517368.25	2962.25
354893.61	7517368.88	2965.37
354992.73	7517369.63	2968.53
355091.8	7517370.25	2971.8
355190.83	7517370.63	2974.39
355290.65	7517372.19	2975.65
355391.33	7517375.31	2976.96
355491.16	7517377.06	2981.85
355589.97	7517377.19	2991.34
355688.58	7517377.25	3002.27
355787.1	7517377.25	3012.16
355885.59	7517377.38	3020.57
355984.12	7517377.56	3026.85
356082.8	7517377.88	3030.04
356181.68	7517378.38	3031.15
356280.71	7517378.94	3032
356381.09	7517378.69	3032.15
356483.06	7517376.69	3034.14
356686.32	7517371.5	3043.21
356786.19	7517369.	3052.8
356884.12	7517366.75	3068.13
356979.83	7517365.	3090.05
357074.34	7517363.88	3114.49
357168.78	7517363.13	3137.81
357263.61	7517362.5	3159.34
357359.11	7517362.	3178.71
357455.89	7517361.5	3193.4
357554.18	7517360.88	3202.37
357653.29	7517360.13	3208.3
357752.71	7517359.38	3213.2
357852.32	7517358.63	3217.4
351606.78	7517448.5	3033.78
351706.54	7517449.	3035.07
351806.3	7517449.5	3036.37
351906.04	7517450.	3037.5
352005.77	7517450.5	3037.98
352105.51	7517451.	3037.76
352205.23	7517451.5	3036.69
352304.97	7517452.	3034.6
352404.7	7517452.63	3031.71
352504.41	7517453.25	3028.3
352604.13	7517453.75	3024.47
352703.84	7517454.38	3019.94
352803.55	7517455.	3014.63
352903.26	7517455.5	3009.53
353002.96	7517456.	3007.24
353102.66	7517456.5	3008.72
353202.34	7517457.13	3011.11
353302.	7517457.75	3010.91
353401.65	7517458.38	3007.28
353501.28	7517459.	3000.89
353600.89	7517459.63	2992.34
353700.48	7517460.25	2983.59
353800.05	7517460.88	2976.4
353899.6	7517461.5	2970.85
353999.1	7517462.13	2966.64
354098.57	7517462.75	2963.67
354198.01	7517463.38	2962.28
354297.41	7517464.13	2962.91
354396.76	7517464.75	2964.57
354496.07	7517465.25	2965.72
354595.35	7517466.	2967.13
354694.59	7517466.75	2970.25
354793.79	7517467.25	2974.22
354892.95	7517467.75	2977.5
354992.04	7517468.38	2979.79
355091.07	7517469.	2981.22
355190.88	7517470.38	2981.7
355291.62	7517473.	2981.25
355391.71	7517474.88	2981.13
355490.89	7517475.38	2984.68
355589.76	7517475.5	2993.16
355688.41	7517475.38	3003.72
355786.98	7517475.25	3013.98
355885.53	7517475.19	3023.5
355984.19	7517475.06	3031.07
356083.13	7517475.13	3035.14
356182.34	7517475.31	3037.01
356281.67	7517475.63	3038.74
356381.5	7517475.5	3041.67
356482.81	7517474.38	3043.06
356584.79	7517472.06	3046.15
356686.06	7517469.38	3051.26
356785.73	7517466.81	3060.14
356883.28	7517464.81	3074.27
356978.59	7517463.44	3094.71
357072.75	7517462.63	3118.02
357166.85	7517462.19	3141.14
357261.31	7517461.81	3163.42
357356.63	7517461.44	3183.19
357453.55	7517461.	3197.28
357551.99	7517460.38	3205.91
357651.18	7517459.63	3211.9
357750.73	7517458.94	3216.55
351407.3	7517547.	3029.32
351507.07	7517547.5	3031.36
351606.83	7517548.	3032.81
351706.58	7517548.5	3033.65
351806.33	7517549.	3034.19
351906.06	7517549.5	3034.24
352005.79	7517550.	3033.59
352105.52	7517550.5	3032.56
352205.23	7517551.	3031.27
352304.96	7517551.5	3029.33
352404.69	7517552.	3026.47
352504.39	7517552.5	3023.15
352604.09	7517553.	3019.98
352703.79	7517553.63	3016.54
352803.48	7517554.25	3012.54
352903.17	7517554.75	3009.44
353002.85	7517555.25	3009.35
353102.52	7517555.88	3011.65
353202.19	7517556.5	3013.32
353301.84	7517557.	3012.27
353401.46	7517557.63	3008.48
353501.06	7517558.25	3002.14
353600.65	7517558.88	2993.8
353700.21	7517559.5	2986.28
353799.75	7517560.13	2980.98
353899.26	7517560.75	2976.61
353998.73	7517561.25	2972.78
354098.17	7517561.88	2970.25
354197.59	7517562.63	2969.8
354296.95	7517563.25	2971.26
354396.26	7517563.75	2973.23
354495.54	7517564.25	2974.71
354594.79	7517565.	2976.75
354694.01	7517565.75	2980.3
354793.19	7517566.25	2984.28
354892.32	7517566.75	2987.06
354991.39	7517567.13	2988.22
355090.4	7517567.5	2988.43
355191.05	7517569.94	2988.12
355291.95	7517572.44	2986.87
355391.41	7517573.13	2985.59
355490.69	7517573.63	2987.83
355589.64	7517573.75	2995.3
355688.38	7517573.5	3005.48
355787.04	7517573.25	3015.78
355885.7	7517573.06	3025.6
355984.46	7517572.69	3034.07
356083.55	7517572.44	3039.53
356182.95	7517572.31	3042.9
356282.58	7517572.13	3046.33
356382.58	7517571.88	3049.47
356483.21	7517571.06	3053.41
356585.08	7517569.44	3055.36
356686.32	7517566.94	3060.39
356785.69	7517564.5	3068.35
356882.47	7517562.88	3081.65
356977.17	7517561.94	3100.64
357071.01	7517561.38	3122.56
357164.8	7517561.06	3145.36
357258.92	7517560.94	3168.22
357354.08	7517560.75	3188.3
357451.04	7517560.38	3202.37
357549.48	7517559.81	3211.37
357648.73	7517559.13	3217.75
351008.23	7517644.5	3022.63
351108.03	7517645.	3023.05
351207.8	7517645.38	3024.68
351307.57	7517645.75	3026.91
351407.34	7517646.25	3029.02
351507.11	7517646.75	3030.41
351606.86	7517647.25	3030.7
351706.61	7517647.75	3030.39
351806.35	7517648.25	3029.93
351906.08	7517648.75	3029.15
352005.8	7517649.25	3027.97
352105.52	7517649.75	3026.7
352205.23	7517650.25	3025.08
352304.95	7517650.75	3022.23
352404.65	7517651.25	3017.95
352504.34	7517651.75	3013.86
352604.03	7517652.38	3011.53
352703.72	7517653.	3010.42
352803.4	7517653.5	3009.56
352903.07	7517654.	3009.3
353002.73	7517654.5	3010.48
353102.38	7517655.13	3012.38
353202.02	7517655.75	3013.06
353301.66	7517656.25	3011.54
353401.26	7517656.88	3008.12
353500.84	7517657.5	3002.71
353600.4	7517658.13	2996.17
353699.93	7517658.75	2991.18
353799.44	7517659.25	2987.97
353898.91	7517659.75	2984.87
353998.35	7517660.38	2982.2
354097.77	7517661.13	2981.16
354197.16	7517661.75	2981.85
354296.49	7517662.25	2983.46
354395.77	7517662.75	2984.62
354495.02	7517663.25	2984.76
354594.25	7517663.88	2985.57
354693.45	7517664.5	2988.34
354792.6	7517665.	2991.66
354891.72	7517665.5	2993.72
354990.77	7517665.88	2994.38
355090.56	7517667.	2994.47
355191.33	7517669.25	2993.83
355291.6	7517670.75	2991.75
355391.17	7517671.38	2989.44
355490.57	7517671.75	2990.87
355589.61	7517671.75	2998.1
355688.4	7517671.5	3008.43
355787.14	7517671.13	3018.9
355885.91	7517670.75	3028.65
355984.77	7517670.25	3037.54
356083.87	7517669.75	3044.54
356183.31	7517669.25	3049.63
356283.07	7517668.75	3054.11
356383.31	7517668.13	3057.87
356484.09	7517667.25	3061.6
356585.41	7517665.81	3066.63
356687.4	7517663.88	3069.9
356786.2	7517661.94	3077.88
356881.64	7517660.94	3089.79
356975.55	7517660.44	3107.17
357068.93	7517660.13	3128.31
357162.28	7517660.06	3151.47
357256.12	7517660.13	3174.69
357351.36	7517660.	3194.3
357448.41	7517659.69	3208.17
357546.77	7517659.25	3217.9
357645.88	7517658.69	3225.54
350908.47	7517743.38	3029.88
351008.26	7517743.75	3027.15
351108.05	7517744.25	3024.98
351207.83	7517744.63	3024.82
351307.6	7517745.	3026.67
351407.37	7517745.5	3028.81
351507.13	7517746.	3029.47
351606.88	7517746.5	3027.96
351706.63	7517747.	3025.9
351806.36	7517747.5	3024.46
351906.08	7517748.	3023.25
352005.8	7517748.5	3022
352105.51	7517749.	3020.69
352205.22	7517749.5	3018.68
352304.92	7517750.	3014.7
352404.61	7517750.5	3009.07
352504.29	7517751.	3004.64
352603.97	7517751.63	3003.57
352703.65	7517752.25	3004.96
352803.31	7517752.75	3006.65
352902.96	7517753.25	3007.74
353002.61	7517753.75	3008.87
353102.24	7517754.38	3009.97
353201.86	7517755.	3009.96
353301.47	7517755.5	3008.79
353401.05	7517756.13	3007.03
353500.6	7517756.75	3004.32
353600.14	7517757.25	3000.96
353699.65	7517757.75	2998.16
353799.13	7517758.38	2996.03
353898.58	7517759.	2994.28
353997.99	7517759.63	2993.63
354097.38	7517760.25	2994.39
354196.73	7517760.75	2995.78
354296.05	7517761.25	2996.83
354395.3	7517761.75	2996.61
354494.53	7517762.25	2995.16
354593.73	7517762.75	2994.31
354692.91	7517763.25	2995.55
354792.05	7517763.75	2997.77
354891.15	7517764.13	2999.34
354990.19	7517764.5	3000.11
355090.8	7517766.44	3000.4
355191.67	7517768.44	2999.36
355291.29	7517769.	2996.3
355390.99	7517769.5	2993.09
355490.51	7517769.75	2994.12
355589.61	7517769.63	3001.61
355688.41	7517769.25	3012.53
355787.17	7517768.75	3023.47
355886.	7517768.25	3033.38
355984.86	7517767.63	3042.86
356083.8	7517766.94	3051.6
356183.14	7517766.19	3058.12
356282.94	7517765.5	3062.88
356383.14	7517764.75	3067.17
356483.75	7517763.69	3071.98
356687.38	7517760.44	3082.12
351008.27	7517843.	3032.18
351108.06	7517843.5	3027.93
351207.84	7517844.	3025.45
351307.62	7517844.5	3026.25
351407.38	7517845.	3028.52
351507.15	7517845.5	3029.29
351606.89	7517846.	3026.97
351706.63	7517846.5	3023.44
351806.36	7517847.	3020.6
351906.08	7517847.5	3018.32
352005.79	7517848.	3016.41
352105.48	7517848.38	3014.62
352205.18	7517848.75	3012.33
352304.88	7517849.25	3008.44
352404.56	7517849.88	3003.39
352504.23	7517850.5	3000.21
352603.9	7517851.	3000.57
352703.56	7517851.5	3003.03
352803.21	7517852.	3005.14
352902.84	7517852.5	3006
353002.48	7517853.	3006.63
353102.09	7517853.63	3007.41
353201.69	7517854.25	3007.83
353301.27	7517854.75	3008.14
353400.83	7517855.25	3008.81
353500.37	7517855.75	3009.17
353599.88	7517856.38	3008.37
353699.38	7517857.	3006.69
353798.82	7517857.63	3005.09
353898.24	7517858.25	3004.44
353997.63	7517858.75	3005.19
354096.99	7517859.25	3006.83
354196.33	7517859.75	3008.22
354295.63	7517860.25	3008.38
354394.87	7517860.75	3007.04
354494.07	7517861.25	3004.94
354593.25	7517861.75	3003.25
354692.4	7517862.13	3003.08
354791.52	7517862.5	3004.2
354890.61	7517862.88	3005.52
354990.36	7517863.81	3006.51
355091.02	7517865.44	3006.82
355191.23	7517866.5	3005.49
355290.92	7517867.	3001.9
355390.77	7517867.5	2997.92
355490.44	7517867.75	2998.13
355589.63	7517867.5	3005.35
355688.45	7517866.94	3016.66
355787.16	7517866.31	3028.26
355885.89	7517865.69	3039.22
355984.53	7517864.94	3050.27
356083.18	7517864.13	3060.85
356182.29	7517863.31	3068.4
356282.	7517862.63	3073.09
356381.97	7517861.88	3077.78
356482.04	7517860.81	3083.76
356582.53	7517859.63	3090.12
351108.08	7517943.	3033.52
351207.86	7517943.5	3030.13
351307.63	7517944.	3029.16
351407.39	7517944.38	3029.73
351507.15	7517944.75	3029.83
351606.88	7517945.25	3027.65
351706.62	7517945.75	3023.9
351806.34	7517946.25	3020.23
351906.06	7517946.75	3017.16
352005.77	7517947.25	3014.68
352105.45	7517947.63	3012.12
352205.14	7517948.	3009.03
352304.82	7517948.5	3005.34
352404.49	7517949.13	3001.97
352504.16	7517949.75	3000.58
352603.81	7517950.25	3001.28
352703.46	7517950.75	3003.17
352803.09	7517951.25	3005.13
352902.71	7517951.75	3006.49
353002.33	7517952.25	3007.86
353101.93	7517952.75	3009.52
353201.5	7517953.25	3011.23
353301.06	7517953.75	3013.13
353400.61	7517954.38	3015.16
353500.13	7517955.	3016.59
353599.62	7517955.63	3016.74
353699.09	7517956.25	3015.96
353798.52	7517956.75	3015.23
353897.91	7517957.25	3015.33
353997.28	7517957.75	3016.37
354096.62	7517958.25	3017.74
354195.94	7517958.75	3018.35
354295.23	7517959.25	3017.58
354394.45	7517959.63	3015.85
354493.63	7517960.	3013.88
354592.8	7517960.5	3012.27
354691.93	7517960.88	3011.59
354791.03	7517961.13	3011.93
354890.11	7517961.5	3012.81
354990.56	7517963.	3013.72
355091.2	7517964.31	3014.09
355190.7	7517964.56	3012.94
355290.43	7517965.	3009.39
355390.41	7517965.44	3004.46
355490.36	7517965.63	3002.35
355589.84	7517965.44	3007.17
355688.8	7517964.88	3017.62
355787.44	7517964.13	3030.24
355885.84	7517963.31	3043.74
355984.05	7517962.44	3057.47
356082.26	7517961.56	3069.99
356180.99	7517960.75	3078.74
356280.39	7517960.06	3083.93
356379.98	7517959.38	3088.84
356479.49	7517958.56	3095.05
356578.98	7517957.75	3102.21
351108.08	7518042.5	3044.16
351207.85	7518042.88	3042.74
351307.62	7518043.25	3040.32
351407.38	7518043.63	3037.32
351507.13	7518044.	3033.81
351606.87	7518044.5	3029.96
351706.59	7518045.	3026.11
351806.31	7518045.5	3022.63
351906.03	7518046.	3019.93
352005.73	7518046.5	3018.03
352105.41	7518047.	3015.93
352205.09	7518047.38	3012.88
352304.77	7518047.75	3008.98
352404.41	7518048.25	3005.73
352504.06	7518048.75	3004.61
352603.71	7518049.25	3005.13
352703.34	7518049.75	3006.7
352802.96	7518050.25	3009.02
352902.57	7518050.88	3011.58
353002.17	7518051.5	3014.3
353101.75	7518052.	3016.91
353201.31	7518052.5	3019.17
353300.86	7518053.	3021.36
353400.38	7518053.63	3023.32
353499.88	7518054.25	3024.51
353599.35	7518054.75	3025.03
353698.8	7518055.25	3025.36
353798.21	7518055.75	3025.77
353897.59	7518056.25	3026.41
353996.95	7518056.75	3027.27
354096.27	7518057.25	3027.78
354195.57	7518057.63	3027.23
354294.84	7518058.	3025.82
354394.05	7518058.38	3024.14
354493.23	7518058.75	3022.64
354592.38	7518059.13	3021.57
354691.5	7518059.5	3020.96
354790.59	7518059.75	3020.75
354890.23	7518060.44	3020.9
354990.61	7518061.69	3021.31
355090.61	7518062.38	3021.74
355190.09	7518062.63	3021.07
355289.84	7518062.94	3017.63
355389.93	7518063.25	3011.87
355490.16	7518063.38	3007.3
355590.13	7518063.31	3008.02
355689.46	7518062.88	3015.85
355788.04	7518062.06	3029.35
355886.12	7518061.13	3045.45
355983.91	7518060.19	3061.48
356081.7	7518059.38	3075.49
356179.93	7518058.69	3085.89
356278.71	7518057.94	3092.88
356377.7	7518057.31	3098.8
356476.62	7518056.88	3105.21
351207.84	7518142.13	3060.69
351307.6	7518142.5	3056.53
351407.36	7518143.	3049.65
351507.11	7518143.5	3041.46
351606.84	7518144.	3034.63
351706.56	7518144.38	3029.76
351806.28	7518144.75	3026.21
351905.99	7518145.25	3024.21
352005.69	7518145.75	3023.76
352105.36	7518146.25	3023.72
352205.02	7518146.63	3022.35
352304.69	7518147.	3018.44
352404.33	7518147.5	3013.84
352503.97	7518148.	3011.9
352603.6	7518148.5	3012.68
352703.22	7518149.	3014.65
352802.83	7518149.5	3017.27
352902.42	7518150.13	3020.27
353002.	7518150.75	3023.32
353101.56	7518151.25	3026.02
353201.12	7518151.75	3028.37
353300.64	7518152.25	3030.48
353400.15	7518152.75	3032.08
353499.64	7518153.25	3033.13
353599.09	7518153.75	3034.07
353698.52	7518154.25	3035.13
353797.92	7518154.75	3036.07
353897.29	7518155.25	3036.79
353996.63	7518155.75	3037.34
354095.93	7518156.13	3037.3
354195.21	7518156.38	3036.27
354294.46	7518156.75	3034.63
354393.68	7518157.25	3032.79
354492.86	7518157.63	3031.33
354592.	7518157.88	3030.48
354691.11	7518158.13	3029.81
354790.2	7518158.38	3029.11
354890.34	7518159.38	3028.58
354990.63	7518160.31	3028.44
355090.02	7518160.5	3028.72
355189.5	7518160.69	3028.07
355289.28	7518160.88	3024.54
355389.41	7518161.06	3018.76
355489.77	7518161.13	3013.09
355984.07	7518158.13	3063.47
356081.55	7518157.38	3077.97
356179.23	7518156.75	3090.1
356277.21	7518156.13	3099.78
356375.33	7518155.69	3107.94
351307.58	7518242.	3070.42
351407.33	7518242.38	3060.33
351507.08	7518242.75	3049.15
351606.81	7518243.25	3040.55
351706.53	7518243.63	3034.67
351806.24	7518244.	3030.75
351905.94	7518244.5	3029.53
352005.63	7518245.	3030.76
352105.3	7518245.38	3032.61
352204.95	7518245.75	3032.32
352304.6	7518246.25	3028.3
352404.23	7518246.75	3023.14
352503.87	7518247.25	3021.04
352603.48	7518247.75	3022.22
352703.09	7518248.25	3024.55
352802.69	7518248.75	3027.48
352902.27	7518249.25	3030.86
353001.83	7518249.75	3034.04
353101.38	7518250.25	3036.72
353200.91	7518250.75	3039.23
353300.42	7518251.25	3041.21
353399.91	7518251.75	3042.25
353499.39	7518252.25	3043.03
353598.84	7518252.75	3044.08
353698.25	7518253.25	3045.11
353797.63	7518253.75	3045.7
353896.98	7518254.25	3045.86
353996.31	7518254.63	3046.04
354095.61	7518254.88	3046.28
354194.88	7518255.25	3045.81
354294.12	7518255.75	3044.22
354393.33	7518256.13	3041.8
354492.5	7518256.38	3039.61
354591.64	7518256.63	3038.31
354690.75	7518256.88	3037.32
354790.21	7518257.38	3036.25
354890.24	7518258.13	3035.41
354990.05	7518258.56	3035.02
355089.45	7518258.69	3034.87
355388.86	7518259.	3024.77
351307.55	7518341.25	3082.61
351407.3	7518341.63	3070.42
351507.04	7518342.	3057.44
351606.77	7518342.5	3047.03
351706.48	7518342.88	3040.18
351806.19	7518343.25	3036.02
351905.88	7518343.75	3035.11
352005.55	7518344.25	3037.28
352105.22	7518344.63	3040.28
352204.88	7518345.	3040.78
352304.52	7518345.5	3037.51
352404.14	7518346.	3033.26
352503.76	7518346.5	3031.55
352603.36	7518346.88	3032.7
352702.95	7518347.25	3035.39
352802.54	7518347.75	3039.42
352902.11	7518348.25	3044
353001.66	7518348.75	3047.7
353101.2	7518349.25	3050.17
353200.7	7518349.75	3052.08
353300.2	7518350.25	3053.21
353399.69	7518350.75	3053.4
353499.15	7518351.25	3053.68
353598.58	7518351.75	3054.34
353697.98	7518352.25	3054.67
353797.34	7518352.63	3054.4
353896.69	7518353.	3053.97
353996.02	7518353.38	3054.18
354095.3	7518353.75	3055.17
354194.56	7518354.13	3055.53
354293.8	7518354.5	3053.97
354393.	7518354.88	3050.95
354492.18	7518355.13	3047.89
354591.33	7518355.25	3045.8
354690.44	7518355.5	3044.51
354790.18	7518356.19	3043.51
354890.05	7518356.69	3042.68
354989.41	7518356.81	3042.02
355088.84	7518356.88	3041.07
355188.44	7518356.94	3038.72
351407.25	7518441.	3082.23
351506.98	7518441.38	3068.06
351606.7	7518441.75	3055.13
351706.41	7518442.13	3046.4
351806.11	7518442.5	3041.62
351905.8	7518443.	3040.24
352005.47	7518443.38	3042.24
352105.13	7518443.75	3045.83
352204.77	7518444.25	3047.58
352304.41	7518444.75	3046.18
352404.03	7518445.25	3043.75
352503.64	7518445.75	3042.92
352603.23	7518446.13	3044.24
352702.82	7518446.5	3047.54
352802.39	7518447.	3053.06
352901.95	7518447.38	3059
353001.48	7518447.75	3062.69
353101.	7518448.25	3063.9
353200.5	7518448.75	3064.25
353299.99	7518449.25	3064.36
353399.46	7518449.75	3064.16
353498.91	7518450.25	3064.06
353598.33	7518450.75	3063.97
353697.72	7518451.13	3063.45
353797.08	7518451.38	3062.75
353896.41	7518451.75	3062.99
353995.73	7518452.25	3064.74
354095.02	7518452.63	3066.85
354194.27	7518452.88	3067.16
354293.5	7518453.13	3064.71
354392.71	7518453.5	3060.8
354491.9	7518453.75	3056.77
354591.05	7518453.88	3053.69
354690.18	7518454.13	3052.3
354789.71	7518454.56	3051.69
354889.36	7518454.88	3050.87
354988.71	7518454.94	3049.67
355187.8	7518455.13	3044.77
351407.18	7518540.25	3095.18
351506.91	7518540.63	3080.81
351606.63	7518541.	3066.33
351706.34	7518541.38	3055.05
351806.02	7518541.75	3048.59
351905.7	7518542.25	3046.31
352005.38	7518542.63	3047.49
352105.03	7518543.	3050.6
352204.67	7518543.5	3052.79
352304.29	7518543.88	3053.28
352403.91	7518544.25	3053.63
352503.51	7518544.75	3054.73
352603.09	7518545.25	3056.7
352702.67	7518545.75	3060.39
352802.23	7518546.25	3066.61
352901.77	7518546.63	3072.83
353001.3	7518546.88	3075.32
353100.8	7518547.25	3074.52
353200.3	7518547.75	3073.46
353299.78	7518548.25	3073.2
353399.23	7518548.75	3073.13
353498.66	7518549.25	3072.84
353598.08	7518549.63	3072.24
353697.47	7518549.88	3071.67
353796.83	7518550.25	3072.18
353896.16	7518550.75	3074.87
353995.47	7518551.13	3079.16
354491.65	7518552.38	3065.71
354590.81	7518552.63	3061.49
354689.95	7518552.75	3060.01
354789.27	7518552.94	3059.83
354888.67	7518553.13	3058.94
354988.02	7518553.13	3057.14
355087.47	7518553.19	3054.72
351506.83	7518639.88	3093.89
351606.54	7518640.25	3080.11
351706.24	7518640.63	3066.95
351805.93	7518641.	3058.05
351905.61	7518641.38	3054.74
352005.27	7518641.75	3055.06
352104.92	7518642.25	3056.94
352204.56	7518642.75	3059.05
352304.17	7518643.13	3061.42
352403.77	7518643.38	3064.5
352503.37	7518643.75	3067.43
352602.95	7518644.25	3070.03
352702.51	7518644.75	3073.82
352802.05	7518645.25	3079.72
352901.58	7518645.75	3084.75
353001.1	7518646.	3085.3
353100.6	7518646.25	3082.92
353200.09	7518646.75	3081.06
353299.56	7518647.25	3080.37
353399.02	7518647.75	3079.97
353498.44	7518648.13	3079.53
353597.84	7518648.38	3079.64
353697.22	7518648.75	3081.26
353796.58	7518649.25	3084.89
353895.91	7518649.63	3090.11
353995.23	7518649.88	3095.54
354293.02	7518650.63	3088.42
354392.23	7518650.88	3081.25
354491.42	7518651.13	3074.2
354590.6	7518651.25	3068.97
354689.68	7518651.25	3067.19
354788.78	7518651.31	3067.19
354888.02	7518651.38	3066.29
354987.32	7518651.38	3064.26
351506.75	7518739.13	3105.81
351606.45	7518739.5	3093.78
351706.14	7518739.88	3080.72
351805.83	7518740.25	3070.32
351905.51	7518740.63	3066.11
352005.16	7518741.	3065.97
352104.8	7518741.38	3067.37
352204.43	7518741.75	3069.87
352304.04	7518742.25	3073.34
352403.63	7518742.63	3077.38
352503.22	7518742.88	3080.97
352602.8	7518743.25	3084.18
352702.34	7518743.75	3088.3
352801.88	7518744.25	3093.52
352901.4	7518744.75	3097.12
353000.91	7518745.	3096.65
353100.41	7518745.25	3094.1
353199.88	7518745.75	3091.89
353299.34	7518746.25	3089.93
353398.8	7518746.75	3088
353498.22	7518747.	3087.1
353597.61	7518747.25	3089.2
353696.98	7518747.75	3094.83
353796.34	7518748.13	3101.78
353895.69	7518748.38	3108.06
353995.	7518748.63	3112.77
354094.29	7518748.88	3113.15
354292.81	7518749.38	3099.31
354392.03	7518749.63	3091.09
354491.23	7518749.75	3083.3
354590.42	7518749.75	3077.43
354689.33	7518749.69	3074.91
354788.21	7518749.69	3074.4
354887.37	7518749.75	3073.52
351606.34	7518838.75	3106.04
351706.03	7518839.13	3094.91
351805.72	7518839.38	3085.32
351905.39	7518839.75	3080.7
352005.03	7518840.25	3080.19
352104.66	7518840.63	3082.05
352204.29	7518840.88	3085.05
352303.9	7518841.25	3088.38
352403.49	7518841.75	3091.87
352503.07	7518842.13	3095.36
352602.63	7518842.38	3099.2
352702.17	7518842.75	3103.79
352801.7	7518843.25	3108.72
352901.22	7518843.75	3112.28
353000.72	7518844.	3112.97
353100.21	7518844.25	3111.81
353199.68	7518844.75	3109.8
353299.13	7518845.25	3106.64
353398.58	7518845.63	3103.12
353498.	7518845.88	3101.76
353597.4	7518846.25	3105.21
353696.77	7518846.63	3112.91
353796.13	7518846.88	3120.95
353895.48	7518847.13	3126.75
353994.79	7518847.38	3130
354094.09	7518847.63	3128.72
354193.37	7518847.88	3121.35
354292.63	7518848.13	3111.26
354391.86	7518848.25	3102.03
354491.07	7518848.25	3094.22
354590.27	7518848.25	3088.25
354688.95	7518848.13	3084.17
351606.23	7518938.	3117.58
351705.91	7518938.38	3109.83
351805.59	7518938.63	3103.08
351905.26	7518939.	3098.79
352004.9	7518939.38	3097.62
352104.53	7518939.75	3099.18
352204.15	7518940.13	3101.89
352303.75	7518940.38	3104.68
352403.34	7518940.75	3107.5
352502.91	7518941.25	3110.78
352602.46	7518941.5	3115.04
352702.	7518941.75	3119.96
352801.52	7518942.25	3124.98
352901.03	7518942.75	3129.48
353000.53	7518943.	3132.3
353100.02	7518943.25	3132.82
353199.48	7518943.75	3131.41
353298.94	7518944.13	3128.64
353398.38	7518944.38	3125.6
353497.8	7518944.75	3124.66
353597.2	7518945.13	3127.5
353696.57	7518945.38	3133.35
353795.94	7518945.63	3139.52
353895.29	7518945.88	3143.64
353994.61	7518946.13	3145.61
354093.91	7518946.38	3144
354193.19	7518946.63	3136.35
354292.46	7518946.75	3125.09
354391.72	7518946.75	3114.87
354490.95	7518946.88	3106.56
351705.79	7519037.63	3126.03
351805.46	7519037.88	3123.11
351905.12	7519038.25	3120.12
352004.76	7519038.63	3118.36
352104.39	7519038.88	3118.25
352204.	7519039.25	3119.17
352303.59	7519039.5	3120.92
352403.18	7519039.75	3123.32
352502.74	7519040.25	3126.68
352602.29	7519040.63	3131.28
352701.83	7519040.88	3136.4
352801.35	7519041.25	3141.4
352900.86	7519041.75	3146.13
353000.35	7519042.	3149.87
353099.83	7519042.25	3151.43
353199.3	7519042.75	3150.8
353298.75	7519043.	3149.37
353398.18	7519043.25	3148.82
353497.6	7519043.63	3149.93
354093.76	7519045.13	3158.57
354193.05	7519045.25	3150.39
354292.33	7519045.38	3139.48
351705.65	7519136.75	3142.32
351805.31	7519137.13	3142.1
351904.97	7519137.38	3140.82
352004.61	7519137.75	3139.14
352104.23	7519138.	3137.49
352203.84	7519138.25	3136.51
352303.44	7519138.63	3137.1
352403.02	7519138.88	3139.06
352502.58	7519139.25	3142.39
352602.13	7519139.75	3146.99
352701.65	7519140.	3151.82
352801.17	7519140.25	3156.21
352900.69	7519140.63	3160.55
353000.17	7519140.88	3164.61
353099.64	7519141.25	3166.94
353199.11	7519141.63	3166.95
353298.56	7519141.88	3166.68
351805.16	7519236.25	3157.4
351904.81	7519236.5	3155.78
352004.45	7519236.75	3154.48
352104.07	7519237.13	3153.4
352203.67	7519237.38	3152.71
352303.27	7519237.75	3152.99
352402.84	7519238.	3154.23
352502.41	7519238.25	3156.76
352601.95	7519238.75	3160.53
352701.48	7519239.	3164.13
352800.99	7519239.25	3166.94
352900.5	7519239.5	3170.96
352999.98	7519239.75	3176.3
353099.45	7519240.13	3180.81
351904.65	7519335.63	3165.14
352004.28	7519335.88	3163.85
352103.9	7519336.25	3164.51
352203.5	7519336.5	3165.92
352303.09	7519336.75	3167.01
352402.66	7519337.	3167.83
352502.22	7519337.25	3169.42
352601.77	7519337.63	3171.95
352701.3	7519337.88	3174.14
352800.81	7519338.25	3175.8
352900.31	7519338.5	3179.05
351904.48	7519434.75	3171.07
352004.1	7519435.	3170.51
352103.72	7519435.25	3172.95
352203.33	7519435.5	3176.52
352302.91	7519435.75	3179.1
352402.47	7519436.	3180.56
352003.92	7519534.	3174.47
352103.52	7519534.25	3178.59
352203.13	7519534.5	3184.66
359006.85	7521923.05	2776.94
358403.81	7522027.17	2776.94
358505.02	7522026.42	2776.94
358606.2	7522025.67	2776.94
358707.3	7522025.05	2776.94
358808.27	7522024.42	2776.94
359009.74	7522023.05	2776.94
359012.48	7522123.3	2776.94
360983.54	7523818.71	3225.54
361079.96	7523917.77	3225.54
361176.54	7524016.9	3225.54
361273.44	7524116.02	3225.54
361370.58	7524215.15	3225.54
361464.65	7524414.33	3225.54
361561.24	7524513.52	3225.54
361460.09	7524614.02	3225.54
361559.44	7524613.46	3225.54
361658.92	7524612.83	3225.54
361259.81	7524715.33	3225.54
361158.07	7524816.02	3225.54
361054.27	7525016.58	3225.54
353797.91	7525705.27	3225.54
353897.71	7525705.77	3225.54
353997.48	7525706.15	3225.54
353698.15	7525804.15	3225.54
353797.95	7525903.77	3225.54
353897.76	7526103.27	3225.54
353997.52	7526202.9	3225.54
354793.6	7527594.77	3225.54
354893.2	7527595.02	3225.54
354992.81	7527595.27	3225.54
358927.22	7522100.158	2776.94
353598.15	7521823.15	3225.54
353979.443	7525867.44	3225.54
361278.19	7524469.34	3225.54
361095.15	7524373.93	3225.54
360991.99	7524232.88	3225.54
361141.65	7524147.54	3225.54
361226.29	7524292.62	3225.54
361009.09	7524769.27	3225.54
360987.38	7523955.03	3225.54
360996.23	7524056.55	3225.54
361126.55	7524619.37	3225.54
359006.85	7521923.05	2776.94
358403.81	7522027.17	2776.94
358505.02	7522026.42	2776.94
358606.2	7522025.67	2776.94
358707.3	7522025.05	2776.94
358808.27	7522024.42	2776.94
359009.74	7522023.05	2776.94
359012.48	7522123.3	2776.94
360983.54	7523818.71	3225.54
361079.96	7523917.77	3225.54
361176.54	7524016.9	3225.54
361273.44	7524116.02	3225.54
361370.58	7524215.15	3225.54
361464.65	7524414.33	3225.54
361561.24	7524513.52	3225.54
361460.09	7524614.02	3225.54
361559.44	7524613.46	3225.54
361658.92	7524612.83	3225.54
361259.81	7524715.33	3225.54
361158.07	7524816.02	3225.54
361054.27	7525016.58	3225.54
353797.91	7525705.27	3225.54
353897.71	7525705.77	3225.54
353997.48	7525706.15	3225.54
353698.15	7525804.15	3225.54
353797.95	7525903.77	3225.54
353897.76	7526103.27	3225.54
353997.52	7526202.9	3225.54
354793.6	7527594.77	3225.54
354893.2	7527595.02	3225.54
354992.81	7527595.27	3225.54
358927.22	7522100.158	2776.94
353598.15	7521823.15	3225.54
353979.443	7525867.44	3225.54
361278.19	7524469.34	3225.54
361095.15	7524373.93	3225.54
360991.99	7524232.88	3225.54
361141.65	7524147.54	3225.54
361226.29	7524292.62	3225.54
361009.09	7524769.27	3225.54
360987.38	7523955.03	3225.54
360996.23	7524056.55	3225.54
361126.55	7524619.37	3225.54"