315930.251530 7478642.863938 2017.006714
315930.251530 7478642.863938 2017.006714
316021.220525 7478691.917157 2019.301758
315985.816605 7478788.181060 2006.674194
315985.816605 7478788.181060 2006.674194
316077.404591 7478845.118406 2008.402222
316035.924864 7478939.109683 1993.379395
316035.924864 7478939.109683 1993.379395
316124.388386 7478995.370813 1998.258423
316082.392683 7479084.079110 1991.035034
316082.392683 7479084.079110 1991.035034
316176.680472 7479135.762490 2003.636230
316176.680472 7479135.762490 2003.636230
316282.649896 7479185.719222 2022.422852
316235.546227 7479265.217867 2016.350708
316235.546227 7479265.217867 2016.350708
316194.814599 7479357.165135 2012.725952
316194.814599 7479357.165135 2012.725952
316283.647068 7479403.040568 2021.605103
316232.412833 7479493.987783 2015.007446
316232.412833 7479493.987783 2015.007446
316186.737318 7479585.102077 2004.117432
316186.737318 7479585.102077 2004.117432
316277.833576 7479627.091500 2005.720215
316232.156191 7479717.158305 1997.675659
316232.156191 7479717.158305 1997.675659
316319.416177 7479757.752905 2003.153564
316270.071661 7479847.554323 1996.408325
316270.071661 7479847.554323 1996.408325
316361.213212 7479887.121303 2002.629028
316321.261509 7479977.509103 2001.274536
316321.261509 7479977.509103 2001.274536
316414.714400 7480017.071209 2009.981201
316373.303492 7480109.449206 2007.287476
316373.303492 7480109.449206 2007.287476
316469.955626 7480145.887671 2019.517090
316436.213318 7480232.193779 2018.143677
316436.213318 7480232.193779 2018.143677
316547.447973 7480258.766468 2036.088501
316534.371243 7480331.365108 2032.715576
316578.916267 7480342.448164 2105.650391
316575.529894 7480393.921880 2103.131348
316575.529894 7480393.921880 2103.131348
316575.450012 7480444.850804 2098.850098
316575.450012 7480444.850804 2098.850098
316574.683925 7480494.306907 2093.337646
316574.683925 7480494.306907 2093.337646
316572.985832 7480541.232518 2087.301758
316572.985832 7480541.232518 2087.301758
316567.255409 7480584.105431 2081.268799
316567.255409 7480584.105431 2081.268799
316556.347351 7480619.351205 2075.348145
316556.347351 7480619.351205 2075.348145
316544.100001 7480638.722160 2069.022705
316525.091039 7480642.701170 2042.233154
316489.132227 7480775.733876 2023.228271
316489.132227 7480775.733876 2023.228271
316577.036876 7480817.522406 2024.087402
316543.210891 7480922.886071 2009.664551
316543.210891 7480922.886071 2009.664551
316636.524651 7480968.250564 2015.699951
316597.020148 7481068.969777 2004.036865
316597.020148 7481068.969777 2004.036865
316556.056620 7481171.931144 2000.774170
316556.056620 7481171.931144 2000.774170
316646.320356 7481221.341727 2016.850220
316610.001939 7481324.580202 2017.922363
316610.001939 7481324.580202 2017.922363
316575.422743 7481429.093879 2023.436768
316575.422743 7481429.093879 2023.436768
316664.031660 7481484.991483 2039.906982
316627.934665 7481589.109349 2044.143066
316627.934665 7481589.109349 2044.143066
316709.289076 7481649.016776 2057.147705
316669.889819 7481750.577429 2060.578857
316669.889819 7481750.577429 2060.578857
316630.060102 7481852.335698 2064.551025
316547.945076 7481794.816897 2051.617920
316547.945076 7481794.816897 2051.617920
316506.163734 7481895.604383 2053.851807
316506.163734 7481895.604383 2053.851807
316463.110004 7481995.244694 2055.897705
316463.110004 7481995.244694 2055.897705
316419.954038 7482094.481133 2059.808350
316342.209560 7482036.910396 2050.699951
316342.209560 7482036.910396 2050.699951
316297.849818 7482134.287343 2049.662842
316297.849818 7482134.287343 2049.662842
316250.666024 7482229.573229 2042.088623
316250.666024 7482229.573229 2042.088623
316202.367971 7482322.963264 2026.910645
316202.367971 7482322.963264 2026.910645
316149.963795 7482412.847916 2002.795166
316149.963795 7482412.847916 2002.795166
316095.375389 7482498.808126 1968.548584
316095.375389 7482498.808126 1968.548584
316162.141085 7482550.202988 1950.010376
316106.552551 7482631.580227 1912.135742
316106.552551 7482631.580227 1912.135742
316053.893748 7482712.862657 1881.725342
316053.893748 7482712.862657 1881.725342
316007.904527 7482794.980257 1855.339600
316043.246015 7482840.491302 1982.723022
316008.091303 7482936.153152 1989.924561
316008.091303 7482936.153152 1989.924561
315978.631158 7483032.979244 1993.071777
315978.631158 7483032.979244 1993.071777
315949.517355 7483128.700489 1992.188843
315949.517355 7483128.700489 1992.188843
315914.710962 7483224.953803 1990.516235
315914.710962 7483224.953803 1990.516235
315884.036331 7483325.949052 1989.752319
315884.036331 7483325.949052 1989.752319
315842.823750 7483434.507765 1990.536255
315842.823750 7483434.507765 1990.536255
315775.544041 7483545.185710 1992.373535
315781.566406 7483544.887427 2007.494141
315774.269469 7483622.588178 2002.570801
315774.269469 7483622.588178 2002.570801
315745.035564 7483710.655043 1996.666016
315745.035564 7483710.655043 1996.666016
315696.509817 7483802.446611 1989.955811
315696.509817 7483802.446611 1989.955811
315645.121626 7483895.007804 1983.909668
315645.121626 7483895.007804 1983.909668
315601.116726 7483991.587973 1981.003662
315601.116726 7483991.587973 1981.003662
315555.654437 7484088.016296 1983.253906
315555.654437 7484088.016296 1983.253906
315505.147945 7484182.785861 1991.077637
315505.147945 7484182.785861 1991.077637
315466.272154 7484286.888097 2002.526855
315466.272154 7484286.888097 2002.526855
315421.695554 7484387.399404 2015.366455
315421.695554 7484387.399404 2015.366455
315375.655810 7484488.434754 2025.873779
315288.371374 7484437.187221 2013.144287
315288.371374 7484437.187221 2013.144287
315239.799955 7484537.681868 2024.788330
315239.799955 7484537.681868 2024.788330
315195.219211 7484645.250901 2036.563965
315109.311944 7484583.743487 2015.052002
315109.311944 7484583.743487 2015.052002
315016.973759 7484538.737972 1993.423828
315016.973759 7484538.737972 1993.423828
314969.359389 7484639.760787 1996.936035
314879.520754 7484588.188251 1979.663574
314879.520754 7484588.188251 1979.663574
314788.666437 7484540.140542 1971.432861
314788.666437 7484540.140542 1971.432861
314696.495820 7484498.789639 1971.718262
314696.495820 7484498.789639 1971.718262
314654.771644 7484601.412674 1984.663452
314554.146424 7484577.862345 1999.328125
314554.146424 7484577.862345 1999.328125
314458.819777 7484553.570145 2018.173340
314458.819777 7484553.570145 2018.173340
314362.859911 7484527.080806 2033.136719
314362.859911 7484527.080806 2033.136719
314316.214932 7484631.526751 2040.262573
314221.172081 7484600.546211 2044.954834
314221.172081 7484600.546211 2044.954834
314133.299981 7484555.549954 2037.963135
314133.299981 7484555.549954 2037.963135
314039.653271 7484518.693457 2025.131348
314039.653271 7484518.693457 2025.131348
313947.414049 7484472.115403 2006.760010
313947.414049 7484472.115403 2006.760010
313904.691370 7484565.848360 2002.730957
313814.145340 7484510.400095 1983.374268
313814.145340 7484510.400095 1983.374268
313723.614511 7484456.412696 1964.724121
313723.614511 7484456.412696 1964.724121
313632.731864 7484407.840579 1947.783691
313632.731864 7484407.840579 1947.783691
313592.172980 7484499.365745 1941.204346
313500.644734 7484460.538167 1930.430176
313500.644734 7484460.538167 1930.430176
313407.530420 7484429.331804 1927.718750
313407.530420 7484429.331804 1927.718750
313313.371181 7484382.917103 1928.388184
313313.371181 7484382.917103 1928.388184
313218.820302 7484350.436494 1932.281738
313218.820302 7484350.436494 1932.281738
313177.987112 7484446.064653 1934.506104
313082.687294 7484414.309190 1941.317871
313082.687294 7484414.309190 1941.317871
312989.882774 7484393.046105 1952.315674
312989.882774 7484393.046105 1952.315674
312950.377778 7484485.671454 1953.593750
312855.289888 7484446.834165 1961.012451
312855.289888 7484446.834165 1961.012451
312761.660303 7484405.396760 1961.406006
312761.660303 7484405.396760 1961.406006
312723.766168 7484495.296581 1956.325806
312629.266700 7484455.692566 1957.047852
312629.266700 7484455.692566 1957.047852
312533.488149 7484416.531033 1961.390381
312533.488149 7484416.531033 1961.390381
312435.870811 7484379.203446 1970.245117
312435.870811 7484379.203446 1970.245117
312336.191493 7484343.917328 1983.961670
312336.191493 7484343.917328 1983.961670
312296.000832 7484438.387261 1987.480957
312195.553880 7484402.736430 2002.720947
312195.553880 7484402.736430 2002.720947
312096.712555 7484364.865023 2012.874023
312096.712555 7484364.865023 2012.874023
311996.448553 7484328.633743 2025.862061
311996.448553 7484328.633743 2025.862061
311894.283902 7484294.371823 2043.366943
311894.283902 7484294.371823 2043.366943
311848.940058 7484394.630994 2059.706055
311745.604777 7484360.559491 2078.949463
311745.604777 7484360.559491 2078.949463
311646.664674 7484322.280551 2087.409912
311646.664674 7484322.280551 2087.409912
311560.962387 7484278.230810 2104.350586
311613.757005 7484173.742574 2086.571777
311613.757005 7484173.742574 2086.571777
311517.217373 7484139.623733 2107.164551
311562.730261 7484052.624256 2097.003662
311562.730261 7484052.624256 2097.003662
311603.938308 7483957.704915 2086.340088
311603.938308 7483957.704915 2086.340088
311499.213589 7483924.146121 2116.489990
311548.408821 7483823.320986 2103.032471
311548.408821 7483823.320986 2103.032471
311597.041118 7483731.087435 2083.060303
311597.041118 7483731.087435 2083.060303
311499.178668 7483694.627651 2110.382813
311555.102699 7483607.217352 2082.961670
311555.102699 7483607.217352 2082.961670
311450.389383 7483566.695083 2104.587646
311500.138241 7483478.815500 2072.099121
311500.138241 7483478.815500 2072.099121
311557.984853 7483395.429981 2038.069580
311557.984853 7483395.429981 2038.069580
311460.125254 7483357.676183 2054.116699
311512.171652 7483273.765797 2021.210449
311512.171652 7483273.765797 2021.210449
311415.362704 7483235.897770 2036.039185
311460.564280 7483154.263108 2013.738525
311460.564280 7483154.263108 2013.738525
311370.784308 7483113.408343 2030.826050
311405.848881 7483033.524081 2017.828857
311405.848881 7483033.524081 2017.828857
311314.135108 7482991.711127 2037.648804
311366.778669 7482910.056073 2024.700928
311366.778669 7482910.056073 2024.700928
311392.267017 7482816.365510 2009.570313
311392.267017 7482816.365510 2009.570313
311431.552603 7482732.948242 1993.688232
311431.552603 7482732.948242 1993.688232
311471.877043 7482651.578265 1979.471436
311471.877043 7482651.578265 1979.471436
311509.686674 7482570.318166 1967.979004
311509.686674 7482570.318166 1967.979004
311546.715368 7482490.131950 1964.705933
311634.135955 7482532.122662 1962.285156
311634.135955 7482532.122662 1962.285156
311667.768010 7482451.277692 1964.694580
311752.884420 7482491.462565 1965.858398
311752.884420 7482491.462565 1965.858398
311788.600566 7482415.060235 1967.799561
311788.600566 7482415.060235 1967.799561
311824.044315 7482336.257839 1970.215210
311807.869488 7482326.741961 2006.461914
311833.353627 7482237.558036 2022.264404
311823.870073 7482232.940950 2041.998169
311847.162867 7482141.703684 2054.604736
311847.162867 7482141.703684 2054.604736
311887.602018 7482051.767342 2055.603516
311887.602018 7482051.767342 2055.603516
311796.852134 7482001.795037 2060.839844
311833.287649 7481909.792844 2050.178223
311833.287649 7481909.792844 2050.178223
311894.937942 7481816.369257 2030.249023
311894.937942 7481816.369257 2030.249023
311793.092734 7481768.128771 2043.843872
311841.847797 7481676.018477 2025.878662
311841.847797 7481676.018477 2025.878662
311758.233114 7481617.032139 2036.774658
311798.424038 7481522.469923 2031.539063
311798.424038 7481522.469923 2031.539063
311706.641316 7481467.593808 2043.358521
311749.983938 7481374.067652 2034.482178
311749.983938 7481374.067652 2034.482178
311790.029734 7481284.687120 2028.001465
311790.029734 7481284.687120 2028.001465
311835.744404 7481189.255917 2014.990356
311841.519928 7481191.403912 2002.270142
311882.743085 7481093.914813 2002.270142
311881.413819 7481093.454473 2004.492920
311930.028334 7480990.117082 1994.230225
311930.028334 7480990.117082 1994.230225
311979.335605 7480903.410339 1980.261719
311979.335605 7480903.410339 1980.261719
312024.963327 7480807.809838 1977.282349
312118.484897 7480851.544868 1969.038818
312118.484897 7480851.544868 1969.038818
312157.312415 7480750.991738 1969.191650
312157.312415 7480750.991738 1969.191650
312199.520341 7480652.984067 1967.586182
312292.182297 7480696.370040 1968.052979
312292.182297 7480696.370040 1968.052979
312333.180518 7480595.464680 1965.966064
312333.180518 7480595.464680 1965.966064
312374.032311 7480493.763858 1965.434570
312374.032311 7480493.763858 1965.434570
312412.467570 7480391.891198 1971.169189
312513.209517 7480430.855959 1963.532471
312513.209517 7480430.855959 1963.532471
312557.185330 7480326.896724 1977.688477
312557.185330 7480326.896724 1977.688477
312578.997374 7480224.650398 1994.237427
312681.248258 7480260.980369 1990.712891
312681.248258 7480260.980369 1990.712891
312711.994969 7480158.422098 2008.873535
312711.994969 7480158.422098 2008.873535
312736.864815 7480055.764696 2026.985352
312846.617745 7480091.035545 2014.477783
312846.617745 7480091.035545 2014.477783
312879.285070 7479988.093640 2031.380615
312879.285070 7479988.093640 2031.380615
312904.123180 7479881.936975 2046.941895
313006.292154 7479910.715595 2041.706787
313006.292154 7479910.715595 2041.706787
313106.198992 7479938.137752 2039.691772
313106.198992 7479938.137752 2039.691772
313210.341239 7479967.040507 2030.924805
313210.341239 7479967.040507 2030.924805
313318.386896 7479997.510441 2015.086670
313318.386896 7479997.510441 2015.086670
313422.541235 7480026.335724 2006.401123
313396.082400 7480132.910382 1988.979614
313396.082400 7480132.910382 1988.979614
313501.580139 7480161.810645 1976.953491
313501.580139 7480161.810645 1976.953491
313602.300238 7480188.192499 1974.398926
313602.300238 7480188.192499 1974.398926
313701.694951 7480214.989528 1972.674927
313701.694951 7480214.989528 1972.674927
313799.213800 7480243.994740 1972.218384
313812.862259 7480249.457744 1938.017456
313831.605893 7480146.017100 1966.631348
313831.605893 7480146.017100 1966.631348
313863.320655 7480045.812675 1977.347168
313970.617972 7480089.409894 1952.094727
313970.617972 7480089.409894 1952.094727
314004.034969 7479992.757768 1938.777344
314107.719028 7480045.060421 1900.349609
314107.719028 7480045.060421 1900.349609
314138.449326 7479957.026769 1888.874023
314238.360345 7480027.858996 1844.699951
314238.360345 7480027.858996 1844.699951
314269.623355 7479958.959017 1827.900757
314269.016582 7479952.746663 1841.768677
314285.239815 7479850.258703 1851.443115
314375.874398 7479901.828941 1838.802734
314375.874398 7479901.828941 1838.802734
314398.925977 7479804.074771 1848.464111
314398.925977 7479804.074771 1848.464111
314421.238524 7479708.491471 1857.926270
314421.238524 7479708.491471 1857.926270
314439.371372 7479613.232538 1864.574951
314527.407151 7479657.950682 1862.885498
314527.407151 7479657.950682 1862.885498
314542.427510 7479563.487730 1863.483398
314542.427510 7479563.487730 1863.483398
314559.761753 7479469.948438 1863.637573
314643.816081 7479517.907860 1865.389648
314643.816081 7479517.907860 1865.389648
314664.109497 7479423.318661 1863.855347
314676.054008 7479426.998002 1819.187134
314695.658504 7479338.859445 1838.006836
314695.658504 7479338.859445 1838.006836
314721.606849 7479250.048643 1857.062500
314721.606849 7479250.048643 1857.062500
314751.753607 7479161.798396 1876.012451
314751.753607 7479161.798396 1876.012451
314784.496179 7479074.102906 1895.059082
314784.496179 7479074.102906 1895.059082
314817.546402 7478986.172365 1915.890991
314909.494111 7479025.336635 1916.682373
314909.494111 7479025.336635 1916.682373
314942.555685 7478935.790387 1935.880127
314942.555685 7478935.790387 1935.880127
314978.250923 7478846.333081 1951.082153
314978.250923 7478846.333081 1951.082153
315016.565508 7478757.300307 1962.613647
315016.565508 7478757.300307 1962.613647
315057.610051 7478670.414764 1972.932739
315149.129766 7478715.579003 1969.693726
315149.129766 7478715.579003 1969.693726
315191.227215 7478629.230150 1977.016724
315191.227215 7478629.230150 1977.016724
315232.737662 7478541.650026 1985.380127
315322.020486 7478584.077717 1983.613159
315322.020486 7478584.077717 1983.613159
315410.450161 7478624.012790 1983.800903
315410.450161 7478624.012790 1983.800903
315451.601449 7478529.280080 1992.049927
315540.913734 7478560.879982 1992.089722
315540.913734 7478560.879982 1992.089722
315631.613868 7478589.367052 1992.289185
315631.613868 7478589.367052 1992.289185
315721.776254 7478621.094218 1994.682983
315721.776254 7478621.094218 1994.682983
315808.469562 7478664.903736 1999.551147
315808.469562 7478664.903736 1999.551147
315846.884332 7478571.189017 2012.169434
315930.251530 7478642.863938 2017.006714
