356217.17	7513862.38	3049.52
356018.59	7513963.75	3036.65
356119.42	7513963.13	3048.05
356220.06	7513962.38	3058.25
355818.43	7514065.5	3015.81
356121.95	7514063.38	3056.26
356222.8	7514062.63	3065.98
355617.05	7514167.63	3011.78
356124.24	7514163.63	3064.1
356225.33	7514162.88	3071.58
355516.56	7514269.25	3026.77
355821.48	7514266.88	3038.81
356024.7	7514265.	3058.86
356126.2	7514264.13	3069.44
356227.55	7514263.25	3074.25
355212.67	7514371.75	3066.05
355314.16	7514371.25	3059.29
355415.73	7514370.75	3048.91
355517.38	7514370.13	3043.97
355720.82	7514368.5	3047.39
355924.34	7514366.75	3057.39
356026.09	7514365.75	3065.1
356127.79	7514364.75	3071.41
356229.39	7514363.63	3074.35
356330.82	7514362.5	3075.87
355010.37	7514473.13	3075.41
355111.69	7514472.88	3072.97
355213.11	7514472.63	3075.47
355314.64	7514472.25	3072.04
355416.27	7514471.75	3062.33
355721.55	7514469.5	3058.43
355823.39	7514468.5	3062.02
356027.11	7514466.5	3068.07
356128.97	7514465.38	3070.6
356230.78	7514464.13	3072.77
356332.52	7514462.88	3074.22
354909.41	7514573.75	3086.67
355010.63	7514573.75	3082.9
355111.97	7514573.63	3081.08
355213.41	7514573.38	3080.58
355314.97	7514573.13	3075.49
355416.63	7514572.75	3067.46
355722.03	7514570.5	3066.42
355925.84	7514568.63	3069.51
356027.77	7514567.5	3068.92
356129.73	7514566.25	3068.76
356231.72	7514565.	3069.97
356333.72	7514563.75	3071.41
356435.68	7514562.25	3072.19
356537.53	7514560.75	3072.79
354707.41	7514674.25	3106.37
354808.45	7514674.25	3098.19
354909.56	7514674.38	3090.96
355010.78	7514674.5	3088.21
355112.12	7514674.38	3085.72
355213.57	7514674.13	3079.51
355315.13	7514674.	3072.44
355416.8	7514673.75	3067.63
355518.55	7514673.25	3067.18
355620.38	7514672.5	3067.88
355722.27	7514671.63	3069.4
355824.19	7514670.88	3071.34
355926.14	7514669.88	3071.61
356028.12	7514668.63	3069.99
356130.13	7514667.38	3068.14
356232.22	7514666.13	3067.74
356335.57	7514665.13	3068.65
356439.07	7514663.94	3070.07
356541.62	7514662.19	3071.97
356643.16	7514660.13	3074.31
356740.48	7514659.5	3078.97
356835.8	7514660.25	3083.51
354505.72	7514774.13	3125.72
354606.58	7514774.5	3121.2
354707.52	7514774.75	3112.83
354808.52	7514774.88	3104.06
354909.63	7514775.13	3097.52
355010.83	7514775.25	3091.73
355112.14	7514775.13	3085.02
355213.59	7514775.	3077.45
355315.14	7514775.	3071.62
355416.79	7514774.75	3068.17
355518.54	7514774.25	3066.44
355620.38	7514773.63	3065.84
355722.27	7514772.88	3067.49
355824.19	7514772.13	3071.07
355926.16	7514771.13	3073.62
356028.16	7514769.88	3073.44
356130.2	7514768.63	3071.43
356232.32	7514767.25	3069.43
356336.93	7514766.56	3068.63
356442.02	7514765.75	3069.81
356544.57	7514764.31	3071.65
356643.6	7514762.69	3076.15
356739.25	7514761.56	3081.46
356835.09	7514761.38	3086.44
356931.98	7514761.5	3090.73
354405.05	7514874.13	3126.91
354505.8	7514874.5	3126.5
354606.63	7514874.88	3124.35
354707.54	7514875.13	3117.1
354808.52	7514875.38	3108.62
354909.6	7514875.63	3101.94
355010.78	7514875.75	3094.02
355112.06	7514875.88	3086.6
355213.47	7514876.	3081.77
355518.34	7514875.25	3066.02
355620.14	7514874.75	3063.25
355722.02	7514874.13	3064.91
355823.94	7514873.38	3070.38
355925.91	7514872.38	3076.36
356027.92	7514871.25	3079.65
356129.98	7514870.	3079.21
356232.1	7514868.63	3076.04
356336.5	7514868.	3072.71
356441.36	7514867.31	3072
356542.8	7514866.25	3074.34
356641.84	7514865.38	3077.53
356738.77	7514864.19	3082.73
356834.45	7514863.13	3086.8
356930.88	7514862.75	3090.79
357028.2	7514862.75	3095.24
357125.52	7514862.63	3100.24
354203.88	7514973.5	3131.25
354304.45	7514973.88	3129.31
354405.11	7514974.25	3128.29
354606.63	7514975.13	3124.19
354707.5	7514975.5	3117.06
354808.45	7514975.75	3109.52
354909.48	7514976.	3103.1
355010.63	7514976.38	3097.08
355111.88	7514976.63	3092.8
355213.23	7514976.75	3089.83
355314.7	7514976.75	3085.37
355416.28	7514976.63	3077.1
355517.95	7514976.38	3067.85
355619.7	7514976.	3063.45
355721.53	7514975.5	3065.11
355823.43	7514974.75	3071.1
355925.38	7514973.88	3079
356027.39	7514972.88	3085.6
356129.45	7514971.63	3087.61
356231.57	7514970.38	3084.32
356334.7	7514969.31	3079.01
356438.6	7514968.88	3075.55
356539.91	7514968.5	3075.46
356638.83	7514967.63	3076.35
356737.36	7514966.63	3079.04
356834.56	7514965.56	3081.98
356930.34	7514964.5	3086.2
357026.91	7514963.88	3092.02
357124.52	7514963.63	3098.26
357222.12	7514963.38	3103.56
354003.04	7515072.63	3135.03
354103.47	7515073.25	3134.42
354808.3	7515076.13	3110.49
354909.3	7515076.5	3106.29
355010.39	7515077.	3102.51
355111.58	7515077.25	3099.86
355212.87	7515077.38	3097.39
355314.27	7515077.5	3092.38
355415.78	7515077.5	3082.67
355517.38	7515077.5	3071.55
355619.06	7515077.38	3066.35
355720.82	7515077.	3067.98
355822.66	7515076.38	3073.54
355924.56	7515075.63	3081.65
356026.53	7515074.63	3089.79
356128.57	7515073.5	3093.72
356230.73	7515072.25	3091.05
356332.53	7515071.	3085.02
356434.19	7515070.5	3080.14
356634.88	7515069.31	3072.97
356735.	7515068.75	3073.35
356833.68	7515067.81	3075.13
356930.82	7515066.63	3079.41
357027.61	7515065.69	3086.48
357125.34	7515065.13	3094.49
357223.01	7515064.5	3101.53
357321.48	7515064.13	3107.96
353802.49	7515171.25	3132.18
353902.79	7515171.75	3134.82
355010.05	7515177.5	3106.68
355111.18	7515177.88	3104.93
355212.4	7515178.13	3102.31
355313.71	7515178.38	3096.67
355415.13	7515178.5	3086.86
355516.63	7515178.5	3075.86
355618.22	7515178.5	3070.68
355719.88	7515178.38	3072.64
355821.63	7515178.	3078.21
355923.46	7515177.38	3085.93
356025.37	7515176.5	3093.54
356127.31	7515175.5	3097.44
356229.26	7515174.5	3095.65
356330.33	7515173.63	3091.12
356430.11	7515172.63	3083.58
356529.38	7515171.38	3075.7
356629.66	7515170.56	3071.16
356731.19	7515170.25	3070.3
356831.45	7515169.63	3071.71
356930.06	7515168.56	3075.98
357028.21	7515167.56	3083.37
357126.05	7515166.63	3092.22
357223.77	7515165.81	3100.95
357321.41	7515165.13	3109.45
357419.03	7515164.38	3117.87
353602.2	7515270.25	3124.04
353702.39	7515270.75	3129.42
353802.62	7515271.25	3133.22
353902.89	7515271.75	3134.43
354908.69	7515277.25	3109.95
355009.64	7515277.88	3108.7
355110.69	7515278.5	3107.39
355211.82	7515278.88	3104.22
355313.03	7515279.25	3097.98
355414.33	7515279.5	3088.96
355515.72	7515279.63	3079.57
355617.19	7515279.75	3075.6
355718.73	7515279.75	3078.53
355820.37	7515279.5	3084.5
355922.08	7515279.13	3091.3
356023.88	7515278.63	3096.96
356125.77	7515277.75	3099.86
356227.25	7515277.	3099.16
356327.51	7515276.13	3095.77
356426.95	7515274.88	3087.28
356526.28	7515273.63	3077.71
356625.51	7515272.25	3072.01
356725.9	7515271.38	3071.56
356827.51	7515271.	3073.99
356927.69	7515270.06	3078.34
357026.25	7515268.88	3084.86
357124.46	7515267.81	3093.12
357222.41	7515266.75	3102.34
357320.21	7515265.75	3111.85
357417.94	7515264.88	3121.28
357515.67	7515264.13	3130.24
353402.09	7515368.75	3118.13
353502.2	7515369.38	3118.92
353602.33	7515370.	3122.91
353702.51	7515370.5	3128.87
353802.72	7515371.13	3130.68
353902.97	7515371.75	3130.29
354807.48	7515376.88	3111.31
354908.28	7515377.5	3110.29
355009.16	7515378.13	3109.42
355110.12	7515378.88	3108.16
355211.14	7515379.5	3104.53
355312.23	7515380.	3097.9
355413.41	7515380.38	3089.57
355514.66	7515380.75	3081.9
355615.99	7515381.13	3079.72
355717.4	7515381.25	3083.77
355818.88	7515381.13	3089.91
355920.43	7515381.	3095.69
356022.03	7515380.75	3099.75
356123.71	7515380.25	3101.76
356224.68	7515379.63	3103.32
356324.48	7515378.5	3099.62
356423.88	7515377.13	3091.69
356523.26	7515375.75	3082.14
356622.58	7515374.25	3076.59
356721.8	7515372.88	3076.83
356823.41	7515372.19	3080.02
356924.98	7515371.44	3084.38
357023.92	7515370.13	3089.78
357122.51	7515368.88	3096.59
357220.75	7515367.63	3105.32
357318.73	7515366.44	3115.4
357416.57	7515365.38	3125.83
357514.37	7515364.44	3135.92
357612.16	7515363.5	3145.57
357709.89	7515362.56	3155.02
353202.16	7515467.5	3121.06
353302.19	7515468.	3119.37
353402.24	7515468.5	3117.95
353502.33	7515469.13	3117.94
353602.45	7515469.75	3121.12
353702.6	7515470.25	3123.7
353802.8	7515470.88	3123.8
354003.29	7515472.	3125.88
354103.6	7515472.63	3122.87
354807.09	7515477.	3110.65
354907.82	7515477.75	3109.36
355008.61	7515478.38	3108.28
355109.45	7515479.13	3107.27
355210.36	7515479.88	3104.26
355311.33	7515480.5	3098
355412.37	7515481.13	3090.03
355513.48	7515481.75	3083.2
355614.65	7515482.25	3082.05
355715.89	7515482.63	3086.76
355817.2	7515482.88	3092.88
355918.55	7515483.	3098.21
356019.9	7515482.88	3101.81
356121.16	7515482.75	3103.27
356221.63	7515482.13	3104.77
356321.31	7515480.75	3102.4
356420.84	7515479.25	3096.44
356520.3	7515477.75	3089.01
356619.7	7515476.13	3085.02
356719.02	7515474.5	3085.36
356820.57	7515473.56	3087.85
356922.13	7515472.69	3091.89
357021.31	7515471.25	3097.09
357120.18	7515469.81	3103.31
357218.69	7515468.44	3111.42
357316.89	7515467.19	3121.34
357414.89	7515465.94	3132.03
357512.82	7515464.75	3142.43
357610.7	7515463.75	3152.31
357708.52	7515462.75	3161.8
357806.34	7515461.88	3170.82
353102.31	7515566.5	3127.12
353202.3	7515567.13	3124.46
353302.33	7515567.75	3123.13
353402.38	7515568.25	3121.38
353502.45	7515568.88	3120.09
353602.55	7515569.5	3119.83
353702.68	7515570.	3118.39
353802.85	7515570.63	3119
353903.05	7515571.25	3122.01
354003.29	7515571.75	3123.54
354103.57	7515572.38	3122.21
354203.88	7515573.13	3119.33
354404.63	7515574.25	3114.86
354505.05	7515575.	3113.17
354605.54	7515575.75	3111.9
354706.07	7515576.25	3110.92
354806.66	7515577.	3109.46
354907.3	7515577.75	3107.39
355007.98	7515578.5	3105.73
355108.71	7515579.38	3105.07
355209.5	7515580.25	3103.4
355310.34	7515581.	3098.44
355411.23	7515581.75	3091.14
355512.17	7515582.63	3084.6
355613.17	7515583.25	3083.66
355714.23	7515583.88	3088.48
355815.33	7515584.5	3094.43
355916.47	7515584.88	3099.3
356017.63	7515585.25	3102.34
356118.55	7515585.5	3103.74
356218.67	7515584.5	3104.96
356318.27	7515582.75	3103.12
356417.86	7515581.13	3100
356517.39	7515579.5	3096.92
356616.87	7515577.88	3096.04
356716.29	7515576.13	3097
356817.68	7515574.88	3098.73
356919.14	7515573.75	3101.85
357018.51	7515572.25	3106.61
357117.55	7515570.69	3112.8
357216.28	7515569.13	3120.48
357314.74	7515567.75	3129.38
357412.99	7515566.44	3139.09
357511.09	7515565.13	3149.03
357609.09	7515564.	3158.87
357707.04	7515562.94	3168.19
357805.04	7515561.94	3176.1
357903.07	7515561.	3183.13
358001.02	7515560.	3190.5
353102.45	7515666.13	3129.32
353202.44	7515666.88	3126.91
353302.45	7515667.5	3126.39
353402.49	7515668.	3124.3
353502.55	7515668.5	3120.93
353602.63	7515669.13	3118.93
353702.75	7515669.75	3117.53
353802.89	7515670.38	3118.31
353903.06	7515671.	3120.25
354003.27	7515671.5	3121.19
354103.51	7515672.13	3120.61
354203.78	7515672.88	3118.72
354304.09	7515673.5	3116.35
354404.42	7515674.13	3114.01
354504.8	7515674.88	3111.86
354605.22	7515675.63	3110.32
354705.67	7515676.25	3109.27
354806.17	7515677.	3107.85
354906.71	7515677.88	3105.62
355007.28	7515678.63	3103.55
355107.91	7515679.5	3102.78
355208.57	7515680.5	3101.84
355309.27	7515681.38	3098.32
355410.	7515682.25	3092.27
355510.77	7515683.25	3086.37
355611.59	7515684.13	3085.45
355712.43	7515685.	3089.73
355813.3	7515685.88	3094.78
355914.19	7515686.63	3098.43
356015.07	7515687.5	3100.38
356115.65	7515687.75	3102.29
356215.64	7515686.5	3102.08
356315.31	7515684.75	3101.47
356414.95	7515683.	3102.69
356514.54	7515681.13	3105.58
356614.09	7515679.5	3108.65
356713.6	7515677.75	3110.98
356814.75	7515676.13	3112.65
356916.01	7515674.75	3114.72
357015.56	7515673.13	3118.16
357114.79	7515671.44	3123.46
357213.7	7515669.81	3130.56
357312.38	7515668.19	3138.58
357410.88	7515666.69	3147
357509.2	7515665.31	3155.87
357607.36	7515664.06	3165.17
357705.47	7515663.	3173.86
357803.66	7515661.94	3180.64
357901.84	7515660.88	3186.65
357999.8	7515659.94	3194.19
358097.61	7515659.	3203.22
353002.63	7515765.25	3134.85
353102.59	7515765.88	3129.89
353202.56	7515766.5	3126.26
353302.57	7515767.	3124.84
353402.59	7515767.5	3123.22
353502.63	7515768.13	3120.61
353602.7	7515768.88	3119.04
353702.79	7515769.5	3118.85
353802.91	7515770.	3119.12
353903.05	7515770.63	3118.95
354003.23	7515771.25	3118.16
354103.42	7515771.88	3116.7
354203.65	7515772.63	3114.34
354303.91	7515773.25	3111.47
354404.19	7515773.88	3109
354504.5	7515774.63	3107.24
354604.85	7515775.38	3106.12
354705.23	7515776.13	3105.38
354805.65	7515777.	3104.63
354906.08	7515778.	3103.39
355006.54	7515778.75	3101.81
355107.04	7515779.5	3100.6
355207.56	7515780.5	3099.12
355308.12	7515781.63	3096.04
355408.7	7515782.75	3091.23
355509.29	7515783.75	3086.5
355609.91	7515784.88	3085.63
355710.53	7515786.13	3088.84
355811.16	7515787.25	3092.56
355911.79	7515788.38	3094.94
356012.41	7515789.63	3095.99
356112.7	7515789.63	3097.46
356212.59	7515788.13	3098.31
356312.38	7515786.5	3100.98
356412.09	7515784.75	3107
356511.74	7515782.75	3114.32
356611.37	7515780.88	3120.25
356710.95	7515779.	3124.69
356811.79	7515777.25	3128.1
356912.66	7515775.63	3131.12
357012.26	7515773.75	3134.24
357111.75	7515771.94	3137.29
357210.98	7515770.25	3141.63
357309.89	7515768.56	3148.14
357408.58	7515766.94	3155.64
357507.12	7515765.5	3163.46
357605.48	7515764.19	3171.71
357703.76	7515762.94	3179.57
357802.05	7515761.75	3186.07
357900.25	7515760.63	3192.48
357998.21	7515759.69	3200.69
358096.01	7515758.81	3210.49
358193.86	7515757.94	3219.67
352902.82	7515864.38	3142.09
353002.76	7515865.	3136.89
353102.71	7515865.5	3130.93
353202.68	7515866.	3126.32
353302.67	7515866.5	3124.48
353402.68	7515867.13	3124.17
353502.7	7515867.88	3123.25
353602.74	7515868.5	3121.66
353702.8	7515869.	3120.34
353802.9	7515869.63	3118.47
353903.02	7515870.38	3115.48
354003.16	7515871.	3112.27
354103.31	7515871.63	3109.53
354203.49	7515872.38	3106.98
354303.7	7515873.	3104.24
354403.93	7515873.63	3102.08
354504.18	7515874.38	3100.81
354704.75	7515876.	3099.64
354805.07	7515876.88	3099.78
354905.4	7515877.75	3099.93
355005.75	7515878.63	3099.16
355106.13	7515879.5	3097.43
355206.51	7515880.63	3095.01
355306.91	7515881.88	3091.83
355407.33	7515883.13	3087.9
355507.74	7515884.25	3084.41
355608.16	7515885.5	3083.67
355708.58	7515887.	3085.83
355808.97	7515888.5	3088.6
355909.34	7515890.	3090.55
356009.7	7515891.5	3091.37
356109.8	7515891.5	3093.96
356209.65	7515889.88	3098.21
356309.49	7515888.13	3105.15
356409.28	7515886.25	3114.15
356509.01	7515884.25	3122.84
356608.7	7515882.13	3130.19
356708.35	7515880.	3137.55
356808.76	7515878.13	3144.89
356909.05	7515876.19	3151.42
357008.55	7515874.13	3155.78
357108.29	7515872.25	3156.11
357208.01	7515870.5	3155.31
357307.29	7515868.81	3158.26
357406.14	7515867.19	3164.83
357504.79	7515865.69	3172.41
357603.25	7515864.25	3180.47
357701.54	7515862.81	3188.82
357799.73	7515861.56	3196.94
357897.79	7515860.5	3205.35
357995.76	7515859.5	3214.12
358093.8	7515858.56	3222.09
358192.01	7515857.75	3228.32
358290.28	7515857.	3233.81
352902.95	7515964.	3141.72
353002.88	7515964.5	3137.68
353102.82	7515965.	3131.97
353202.78	7515965.5	3127.33
353302.76	7515966.13	3125.72
353402.74	7515966.88	3125.95
353502.75	7515967.5	3125.02
353602.77	7515968.	3122.25
353702.81	7515968.63	3118.45
353802.88	7515969.38	3113.34
353902.97	7515970.	3107.36
354003.07	7515970.5	3102.14
354103.18	7515971.25	3099.02
354403.64	7515973.38	3096.17
354704.24	7515975.88	3095.07
354804.45	7515976.63	3096.02
354904.68	7515977.5	3096.72
355004.91	7515978.5	3095.68
355105.16	7515979.5	3093.1
355205.41	7515980.75	3090.02
355305.66	7515982.	3086.83
355405.91	7515983.25	3083.81
355506.16	7515984.63	3081.64
355606.39	7515986.	3081.52
355706.6	7515987.5	3083.37
355806.77	7515989.25	3085.73
355906.88	7515991.13	3087.7
356006.9	7515992.88	3089.06
356106.88	7515993.13	3093.97
356206.83	7515991.63	3101.95
356306.71	7515989.75	3112.03
356406.54	7515987.75	3122.15
356506.32	7515985.63	3131.97
356606.07	7515983.25	3141.79
356705.94	7515980.94	3151.96
356805.9	7515978.81	3162.13
356905.46	7515976.56	3171.28
357004.88	7515974.38	3176.64
357104.75	7515972.44	3175.63
357204.82	7515970.63	3171.19
357304.45	7515968.88	3170.64
357403.39	7515967.19	3176.5
357501.94	7515965.56	3185.38
357600.28	7515964.	3194.99
357698.46	7515962.63	3204.77
357796.52	7515961.38	3214.43
357894.5	7515960.25	3223.97
357992.58	7515959.25	3232.29
358091.02	7515958.38	3237.32
358189.75	7515957.56	3239.4
358288.39	7515956.81	3241.93
358386.86	7515956.13	3246.3
352803.16	7516063.	3141.72
352903.06	7516063.5	3140
353002.98	7516064.	3136.61
353102.91	7516064.5	3131.66
353202.86	7516065.	3127.02
353302.82	7516065.75	3124.5
353402.78	7516066.5	3123.79
353502.77	7516067.	3122.25
353602.78	7516067.5	3118.6
353902.88	7516069.5	3097.91
354002.95	7516070.13	3091.77
354603.57	7516074.75	3091.85
354803.82	7516076.5	3093.82
354903.93	7516077.5	3094.1
355004.04	7516078.5	3091.77
355104.15	7516079.5	3087.98
355204.27	7516080.63	3083.94
355304.38	7516081.88	3080.18
355404.47	7516083.25	3077.92
355504.55	7516084.75	3077.91
355604.6	7516086.25	3079.91
355704.63	7516087.88	3082.7
355804.59	7516089.75	3085.1
355904.49	7516091.75	3087.1
356004.34	7516094.	3089.45
356104.21	7516095.	3096.51
356204.12	7516093.63	3106.59
356304.01	7516091.38	3118.72
356403.87	7516089.	3129.8
356503.69	7516086.5	3141.74
356603.63	7516084.06	3154.37
356703.54	7516081.63	3166.57
356803.02	7516079.19	3177.38
356902.27	7516076.75	3185.77
357001.77	7516074.5	3190.14
357101.68	7516072.5	3188.92
357201.76	7516070.63	3184.78
357301.38	7516068.88	3184.56
357400.19	7516067.06	3191.64
357498.5	7516065.31	3202.76
357596.64	7516063.75	3214.07
357694.73	7516062.38	3224.49
357792.78	7516061.13	3234.23
357890.84	7516060.	3243.36
357989.21	7516059.	3249.84
358187.27	7516057.38	3250.77
358286.27	7516056.63	3250.93
358385.06	7516055.88	3253.14
358483.76	7516055.25	3256.32
352803.27	7516162.5	3139.76
352903.16	7516163.	3137.96
353003.07	7516163.5	3135.11
353102.99	7516164.	3131.02
353202.92	7516164.63	3126.57
353302.86	7516165.38	3122.88
353402.81	7516166.	3120.16
353502.79	7516166.5	3117.01
353602.77	7516167.13	3112.54
353702.76	7516167.88	3106.84
353802.76	7516168.5	3099.7
354002.8	7516169.88	3086.92
354603.09	7516174.38	3089.64
354703.13	7516175.25	3089.51
354803.15	7516176.25	3090.17
354903.15	7516177.25	3089.68
355003.14	7516178.25	3086.49
355103.13	7516179.38	3081.7
355203.1	7516180.5	3076.49
355303.06	7516181.75	3072
355403.	7516183.25	3070.67
355502.92	7516184.75	3073.56
355602.81	7516186.25	3078.59
355702.66	7516188.	3082.86
355802.46	7516190.	3085.47
355902.21	7516192.	3087.69
356001.93	7516194.25	3091.81
356101.46	7516196.25	3097.99
356201.3	7516195.44	3113.07
356301.38	7516192.63	3125.52
356401.27	7516189.88	3137.95
356501.13	7516187.13	3151.47
356601.19	7516184.56	3164.77
356700.94	7516181.94	3176.76
356800.23	7516179.25	3186.42
356899.63	7516176.81	3193.07
356999.18	7516174.56	3196.83
357098.97	7516172.5	3197.15
357198.79	7516170.56	3196.22
357298.16	7516168.69	3198.85
357396.78	7516166.81	3207.6
357494.85	7516165.06	3220.28
357592.77	7516163.5	3232.92
357690.8	7516162.13	3243.65
357788.9	7516160.94	3252.92
357887.11	7516159.88	3261.09
357985.83	7516158.94	3265.32
358085.19	7516158.	3264.16
358184.74	7516157.19	3261.1
358284.14	7516156.44	3258.97
358383.29	7516155.75	3258.71
358482.16	7516155.13	3260.73
358580.9	7516154.38	3264.04
352703.5	7516261.5	3139.75
352803.38	7516262.	3138.58
352903.26	7516262.5	3136.44
353003.15	7516263.	3133.65
353103.05	7516263.5	3130.17
353202.97	7516264.25	3126.22
353302.89	7516265.	3122.06
353402.83	7516265.5	3117.5
353502.78	7516266.	3112.25
353602.74	7516266.75	3106.69
353702.7	7516267.5	3101.1
353802.67	7516268.	3095.71
353902.65	7516268.75	3091.26
354502.59	7516273.25	3090.5
354602.57	7516274.13	3088.92
354702.52	7516274.88	3086.56
354802.45	7516275.75	3084.85
354902.35	7516276.75	3083.21
355002.23	7516277.88	3079.8
355102.09	7516279.13	3074.72
355201.94	7516280.25	3069.15
355301.76	7516281.5	3065.36
355401.55	7516283.	3066.38
355501.31	7516284.5	3072.08
355601.05	7516286.	3078.98
355700.74	7516287.75	3084.12
355800.4	7516289.75	3086.97
355900.02	7516291.63	3089.84
355999.62	7516293.5	3096.1
356099.	7516295.75	3105.27
356198.76	7516296.06	3122.68
356298.83	7516293.5	3133.42
356398.74	7516290.38	3146.6
356498.84	7516287.56	3160.05
356598.88	7516284.75	3171.67
356698.51	7516281.94	3181.17
356797.96	7516279.25	3188.77
356897.38	7516276.81	3195.29
356996.77	7516274.5	3201.29
357096.16	7516272.31	3206.02
357195.56	7516270.31	3209.58
357294.7	7516268.38	3214.39
357393.19	7516266.5	3223.58
357491.06	7516264.81	3236.94
357588.86	7516263.25	3250.18
357686.93	7516261.88	3260.25
357785.12	7516260.69	3268.7
357883.41	7516259.63	3276.43
358082.29	7516258.	3275.29
358182.31	7516257.06	3269.52
358282.11	7516256.31	3265.1
358381.54	7516255.63	3263.17
358480.44	7516254.88	3265.49
358578.94	7516254.25	3271.62
352703.6	7516361.	3139.58
352803.46	7516361.5	3137.68
352903.34	7516362.	3134.72
353003.22	7516362.5	3131.31
353103.1	7516363.	3128.28
353203.	7516363.75	3125.19
353302.91	7516364.5	3121.05
353402.83	7516365.	3115.27
353502.75	7516365.5	3108.45
353602.69	7516366.25	3102.01
353702.63	7516367.	3096.44
354502.12	7516372.75	3092.84
354602.02	7516373.75	3090.67
354701.88	7516374.63	3086.06
354801.73	7516375.38	3081.36
354901.54	7516376.38	3077.46
355001.31	7516377.63	3073.56
355101.05	7516378.75	3069.2
355200.78	7516379.88	3064.7
355300.47	7516381.13	3063
355400.12	7516382.5	3067.31
355499.73	7516384.	3075.38
355599.33	7516385.5	3082.98
355698.89	7516387.13	3088.37
355798.41	7516389.	3091.48
355897.92	7516390.75	3095.01
356096.91	7516394.13	3112.86
356196.52	7516395.25	3123.33
356296.82	7516393.88	3140.51
356397.11	7516390.63	3153.37
356497.02	7516387.56	3164.87
356596.91	7516384.69	3173.51
356696.48	7516381.88	3181.11
356795.9	7516379.19	3189.27
356895.14	7516376.63	3198.16
356994.21	7516374.25	3207.46
357093.14	7516372.	3216.64
357192.05	7516369.94	3224.37
357290.86	7516368.06	3231.41
357389.12	7516366.19	3241.64
357486.86	7516364.5	3255.34
357584.82	7516363.06	3266.88
357683.29	7516361.69	3273.7
357781.7	7516360.5	3280.26
357979.54	7516358.63	3288.01
358079.9	7516357.88	3281.46
358180.29	7516357.	3273.85
358280.22	7516356.13	3269.15
358379.61	7516355.38	3268.24
358478.32	7516354.75	3272.74
358576.63	7516354.19	3281.52
358674.97	7516353.56	3291.18
352603.84	7516459.75	3145.52
352803.54	7516461.	3137.02
353103.13	7516462.5	3125.17
353203.02	7516463.25	3123.18
353302.91	7516464.	3119.35
353402.8	7516464.5	3112.81
353502.7	7516465.	3105.13
353602.62	7516465.75	3098.26
353702.52	7516466.5	3092.54
353802.43	7516467.	3088.5
354501.63	7516472.25	3095.72
354601.45	7516473.25	3092.89
354701.23	7516474.25	3087.18
354800.98	7516475.13	3080.45
354900.7	7516476.13	3073.92
355000.38	7516477.25	3069
355100.02	7516478.25	3065.83
355199.63	7516479.5	3063.25
355299.2	7516480.75	3063.85
355398.72	7516482.	3070.62
355498.21	7516483.5	3080.23
355597.68	7516484.88	3088.4
355697.11	7516486.25	3094.52
355796.51	7516487.88	3098.91
355895.91	7516489.5	3103.38
356094.72	7516492.38	3118.96
356194.96	7516493.94	3128.72
356295.8	7516493.5	3144.22
356395.75	7516490.44	3155.42
356495.32	7516487.25	3164.66
356595.09	7516484.38	3171.21
356694.68	7516481.63	3179.06
356793.84	7516478.88	3190.74
356892.68	7516476.19	3204.17
356991.4	7516473.75	3216.52
357090.	7516471.5	3227.85
357188.5	7516469.38	3238.24
357286.85	7516467.56	3248.16
357384.75	7516465.75	3260.23
357482.46	7516464.06	3273.48
357580.76	7516462.75	3282.2
357679.7	7516461.56	3285.52
357877.61	7516459.5	3292.26
357977.53	7516458.5	3289.9
358078.15	7516457.69	3282.27
358178.48	7516456.94	3275.77
358278.13	7516456.	3273.87
358377.21	7516455.25	3276.18
358475.75	7516454.75	3282.99
358574.05	7516454.06	3292.79
358672.61	7516453.31	3301.8
358771.56	7516452.75	3308.5
352603.93	7516559.13	3151.33
353103.15	7516562.	3122.03
353203.02	7516562.63	3120.42
353302.89	7516563.38	3116.65
353402.76	7516564.	3109.81
353502.63	7516564.5	3102.1
353602.52	7516565.25	3095.62
353702.4	7516566.	3090.08
353802.27	7516566.5	3085.32
353902.15	7516567.25	3084.05
354301.53	7516570.25	3096.5
354401.33	7516571.	3097.3
354501.11	7516571.75	3096.8
354600.86	7516572.75	3093.32
354700.56	7516573.75	3087.21
354800.23	7516574.63	3079.43
354899.86	7516575.63	3070.79
354999.45	7516576.75	3064.43
355098.99	7516577.75	3062.04
355198.49	7516578.88	3061.8
355297.95	7516580.13	3064.87
355397.37	7516581.38	3072.91
355496.75	7516582.75	3082.84
355596.1	7516584.	3091.68
355695.41	7516585.25	3099.62
355794.7	7516586.75	3106.68
355893.99	7516588.13	3112.49
355993.28	7516589.38	3117.39
356092.58	7516590.63	3122.22
356193.46	7516592.75	3129.74
356294.47	7516592.75	3143.31
356393.92	7516589.69	3151.74
356493.61	7516586.69	3160.2
356593.44	7516583.88	3167.46
356692.96	7516581.06	3177.38
356791.88	7516578.25	3192.31
356890.37	7516575.56	3209.25
356988.76	7516573.06	3224.04
357087.14	7516570.81	3236.2
357185.4	7516568.81	3247.42
357283.33	7516567.06	3259.4
357380.9	7516565.38	3273.12
357478.62	7516563.81	3285.72
357577.09	7516562.56	3292.94
357676.21	7516561.5	3295.36
357875.23	7516559.5	3295.87
357975.6	7516558.5	3290.99
358076.19	7516557.56	3284.14
358176.18	7516556.81	3280.71
358275.42	7516556.	3282.54
358374.32	7516555.25	3287.3
358472.93	7516554.69	3294.52
358571.5	7516553.94	3303.13
358670.41	7516553.25	3310.2
358769.76	7516552.69	3314.58
358869.24	7516552.06	3318.34
352504.2	7516658.	3161.82
352604.	7516658.5	3155.53
353003.3	7516661.	3124.47
353103.15	7516661.5	3120.07
353203.	7516662.	3117.22
353302.85	7516662.75	3112.81
353402.7	7516663.5	3106.05
353502.55	7516664.	3099.36
353602.41	7516664.63	3094.39
353702.25	7516665.38	3089.87
353802.09	7516666.	3085.18
353901.93	7516666.75	3083.17
354001.75	7516667.5	3086.13
354201.34	7516668.88	3095.63
354301.12	7516669.75	3097.05
354400.86	7516670.5	3097.15
354500.57	7516671.25	3095.65
354600.25	7516672.25	3091.76
354699.89	7516673.13	3085.66
354799.48	7516673.88	3077.1
354899.02	7516674.88	3066.79
354998.52	7516676.	3059.18
355097.98	7516677.	3057.69
355197.4	7516678.13	3060.38
355296.77	7516679.38	3065.94
355396.09	7516680.5	3074.4
355495.36	7516681.75	3083.93
355594.6	7516683.	3093.48
355892.17	7516686.5	3119.59
355991.35	7516687.63	3122.01
356090.52	7516688.88	3122.6
356190.99	7516691.38	3126.97
356291.98	7516691.75	3138.08
356392.03	7516688.81	3144.88
356492.04	7516686.	3153.71
356591.96	7516683.19	3162.93
356691.47	7516680.31	3174.85
356790.35	7516677.5	3190.94
356888.74	7516674.88	3208.52
356986.92	7516672.44	3224.47
357085.1	7516670.25	3237.57
357280.79	7516666.63	3262.42
357377.98	7516665.	3277.96
357475.5	7516663.63	3291.54
357573.98	7516662.5	3298.93
357973.	7516658.5	3296.29
358073.47	7516657.5	3290.93
358173.23	7516656.75	3289.83
358272.3	7516656.	3293.74
358371.26	7516655.25	3299.11
358470.13	7516654.56	3305.45
352504.27	7516757.5	3163.36
352604.06	7516758.	3157.6
352703.87	7516758.63	3149.91
352903.49	7516760.	3133.65
353003.31	7516760.5	3126.02
353103.13	7516761.	3119.68
353202.96	7516761.5	3114.8
353302.79	7516762.13	3109.62
353402.63	7516762.88	3103.69
353502.46	7516763.5	3098.75
353602.27	7516764.	3095.42
353702.09	7516764.75	3092.13
353801.9	7516765.5	3088.24
353901.7	7516766.13	3085.73
354001.48	7516766.88	3087.06
354200.97	7516768.25	3095.65
354300.69	7516769.13	3096.75
354400.38	7516769.88	3095.48
354500.02	7516770.75	3092.37
354599.63	7516771.63	3087.87
354699.2	7516772.38	3081.99
354798.73	7516773.25	3073.38
354898.2	7516774.25	3062.97
355097.01	7516776.25	3056.39
355196.34	7516777.38	3061.29
355295.62	7516778.5	3068.21
355394.86	7516779.5	3076.58
355494.05	7516780.63	3085.71
355791.38	7516783.75	3118.5
355890.45	7516784.75	3124.59
355989.74	7516786.81	3124.51
356089.	7516788.88	3122.37
356188.47	7516790.69	3123.77
356289.02	7516790.63	3131.67
356389.92	7516787.81	3138.57
356490.46	7516785.06	3147.71
356590.7	7516782.38	3157.29
356690.41	7516779.56	3169.25
356789.39	7516776.81	3185.15
356887.8	7516774.25	3202.57
356985.87	7516771.88	3219.01
357375.6	7516764.69	3278.87
357472.78	7516763.5	3294.26
357571.16	7516762.44	3302.6
357869.89	7516759.5	3305.45
357970.13	7516758.5	3302.96
358070.41	7516757.5	3299.75
358170.1	7516756.75	3300.01
358269.28	7516756.	3304.09
358368.39	7516755.25	3309.3
352504.33	7516857.	3163.5
352604.12	7516857.5	3157.94
352703.91	7516858.	3150.17
352803.7	7516858.63	3142.59
352903.5	7516859.38	3135.89
353003.3	7516860.	3128.74
353103.11	7516860.5	3121.65
353202.91	7516861.	3115.95
353302.72	7516861.5	3110.9
353402.53	7516862.25	3106.24
353502.34	7516863.	3102.86
353602.13	7516863.5	3100.41
353701.91	7516864.25	3097.68
353801.68	7516865.	3094.38
354200.59	7516867.75	3095.73
354300.25	7516868.5	3095.16
354399.88	7516869.25	3091.65
354499.45	7516870.13	3086.73
354599.	7516870.88	3081.46
354698.52	7516871.75	3075.65
354797.97	7516872.75	3068.05
354897.38	7516873.63	3060.09
355096.05	7516875.5	3058.88
355195.31	7516876.5	3064.18
355294.52	7516877.5	3071.14
355393.68	7516878.38	3079.32
355790.12	7516883.06	3122.79
355889.3	7516884.88	3128.44
355988.39	7516886.94	3127.53
356087.36	7516889.	3124.53
356185.89	7516890.	3123.7
356286.09	7516889.38	3127.89
356387.77	7516886.88	3133.84
356589.63	7516881.5	3151
356689.71	7516878.88	3161.71
356788.87	7516876.13	3177.13
356887.26	7516873.5	3195
356985.19	7516871.19	3212.24
357082.75	7516869.13	3228.51
357276.69	7516865.69	3261.88
357568.34	7516862.19	3306.16
357967.41	7516858.5	3308.57
358067.51	7516857.5	3307.45
358167.26	7516856.69	3308.26
358266.7	7516855.94	3311.47
352504.38	7516956.5	3162.1
352604.16	7516957.	3156.13
352703.93	7516957.5	3148.34
352803.7	7516958.	3142.09
352903.49	7516958.63	3137.58
353003.28	7516959.25	3132.06
353103.07	7516959.88	3125.9
353302.64	7516961.	3116.44
353402.42	7516961.63	3112.55
353502.2	7516962.38	3109.61
353601.95	7516963.	3107.13
353701.7	7516963.63	3104.47
353801.45	7516964.38	3101.42
354200.18	7516967.13	3094.77
354299.8	7516967.88	3091.49
354399.37	7516968.63	3086.04
354498.89	7516969.38	3080.31
354598.38	7516970.25	3074.94
354697.83	7516971.13	3069.33
354797.23	7516972.	3063.4
354896.57	7516972.88	3059.34
354995.87	7516973.63	3059.67
355095.13	7516974.5	3063.24
355194.33	7516975.5	3068.07
355293.48	7516976.38	3074.4
355392.58	7516977.13	3082.13
355689.94	7516980.69	3114.26
355789.4	7516983.31	3125.8
355888.38	7516985.	3131.75
355986.98	7516986.13	3132.13
356085.36	7516987.25	3129.97
356183.53	7516988.25	3127.91
356283.68	7516987.94	3128.74
356385.78	7516985.81	3131.76
356588.68	7516980.63	3145.51
356788.58	7516975.25	3169.65
356886.95	7516972.56	3187.87
356984.58	7516970.31	3206.59
357177.99	7516966.56	3245.22
357565.33	7516962.	3310.86
357964.47	7516958.44	3315.91
358064.74	7516957.5	3314.72
358164.83	7516956.56	3314.19
358264.59	7516955.81	3315.9
352404.64	7517055.25	3164.35
352504.41	7517055.88	3159.56
352604.18	7517056.5	3153.21
352703.94	7517057.	3146.1
352803.7	7517057.5	3141.42
352903.48	7517058.	3138.66
353003.24	7517058.5	3135
353302.54	7517060.5	3122.36
353402.29	7517061.	3118.17
353502.04	7517061.63	3114.43
353601.77	7517062.38	3111.27
353701.48	7517063.	3108.24
353801.2	7517063.63	3104.43
354299.32	7517067.13	3086.74
354398.84	7517067.88	3080.98
354498.32	7517068.75	3075.96
354597.76	7517069.63	3071.65
354697.16	7517070.38	3066.9
354796.5	7517071.13	3062.85
354895.79	7517072.	3061.97
354995.03	7517072.75	3064.55
355094.23	7517073.5	3068.86
355193.38	7517074.38	3073.67
355292.48	7517075.13	3079.04
355391.54	7517075.88	3085.61
355689.74	7517081.31	3117.33
355788.78	7517082.75	3128.08
355887.32	7517083.38	3134.18
355985.72	7517084.25	3136.53
356083.92	7517085.25	3136.49
356181.96	7517086.31	3134.64
356281.92	7517086.19	3133.96
356383.97	7517084.38	3134.59
356486.02	7517082.19	3138.14
356587.68	7517079.63	3144.08
356788.21	7517074.13	3165.77
356886.55	7517071.5	3183.56
356983.71	7517069.19	3204.13
357079.91	7517067.31	3226.41
357175.71	7517065.75	3248.47
357271.58	7517064.5	3268.82
357367.54	7517063.63	3288.2
357464.11	7517062.75	3305.52
357562.19	7517061.81	3316.26
357661.5	7517060.94	3320.6
357761.12	7517060.	3323.21
357860.91	7517059.13	3325.4
357961.18	7517058.31	3325.49
358061.91	7517057.44	3322.66
358162.61	7517056.5	3319.32
352404.67	7517154.5	3162.45
352504.43	7517155.13	3157.81
352604.19	7517155.75	3152.06
352703.94	7517156.38	3146.18
352803.7	7517157.	3142.16
352903.45	7517157.5	3139.41
353302.42	7517159.88	3127.15
353402.15	7517160.5	3122.14
353501.87	7517161.	3117.08
353601.57	7517161.63	3112.63
353701.26	7517162.38	3108.06
353800.92	7517163.	3102.29
353900.57	7517163.63	3096.41
354000.19	7517164.38	3092.03
354099.77	7517165.13	3088.88
354199.32	7517165.88	3085.83
354298.84	7517166.5	3081.86
354398.32	7517167.13	3077.41
354497.75	7517168.	3074.03
354597.14	7517168.75	3071.33
354696.49	7517169.5	3068.35
354795.79	7517170.25	3066.58
354895.04	7517171.	3067.56
354994.23	7517171.75	3070.91
355093.38	7517172.5	3075.88
355192.48	7517173.25	3081.23
355291.53	7517173.88	3085.75
355590.26	7517179.31	3108.91
355689.48	7517180.81	3120.82
355788.05	7517181.06	3130.49
355886.53	7517181.5	3136.55
355984.88	7517182.19	3140.57
356083.05	7517183.13	3142.75
356181.06	7517184.31	3141.27
356280.5	7517184.38	3141.68
356382.27	7517182.81	3142.35
356484.71	7517180.63	3143.13
356586.65	7517178.06	3147.66
356687.72	7517175.38	3155.28
356787.56	7517172.69	3166.87
356885.81	7517170.13	3183.73
356982.44	7517167.88	3205.55
357077.97	7517166.19	3229.69
357173.3	7517164.88	3252.72
357268.9	7517163.75	3273.26
357364.7	7517163.	3292.63
357461.17	7517162.38	3310.16
357559.11	7517161.56	3321.78
357658.23	7517160.75	3327.59
357757.71	7517159.94	3331.62
357857.47	7517159.06	3334.79
357957.91	7517158.19	3334.86
358058.98	7517157.31	3331.31
352205.2	7517253.	3168.47
352304.95	7517253.5	3165.16
352404.7	7517254.	3161.3
352504.44	7517254.5	3157.17
352604.18	7517255.	3152.51
352703.92	7517255.63	3147.59
352803.66	7517256.25	3143.1
353003.13	7517257.5	3135.23
353302.29	7517259.13	3130.96
353401.99	7517259.88	3125.94
353501.69	7517260.5	3119.94
353601.36	7517261.	3113.6
353800.64	7517262.38	3099.17
353900.25	7517263.	3092.22
353999.83	7517263.63	3087.2
354397.8	7517266.38	3076.8
354497.19	7517267.13	3075.1
354596.53	7517267.88	3073.71
354695.84	7517268.63	3073.13
354795.1	7517269.25	3074.13
354894.31	7517270.	3076.48
354993.47	7517270.75	3080
355092.58	7517271.38	3084.82
355191.63	7517272.	3089.74
355290.63	7517272.5	3093.1
355490.84	7517277.38	3102.27
355787.48	7517279.19	3133.77
355885.95	7517279.5	3140.74
355984.36	7517280.	3146.03
356082.73	7517280.63	3149.19
356181.07	7517281.56	3148.76
356280.05	7517281.94	3149.08
356381.24	7517281.	3150.71
356483.75	7517278.75	3150.55
356585.79	7517276.13	3154.01
356686.93	7517273.5	3160.86
356786.84	7517270.94	3171.1
356884.93	7517268.5	3186.76
356981.07	7517266.5	3208.74
357076.05	7517265.06	3233.38
357170.93	7517264.	3256.78
357266.19	7517263.13	3277.9
357361.84	7517262.5	3297.6
357458.38	7517262.	3314.77
357556.41	7517261.31	3326.12
357655.49	7517260.5	3332.51
357754.9	7517259.75	3337.41
357854.6	7517258.94	3341.38
357954.87	7517258.06	3342.95
351806.25	7517350.	3164.52
351906.	7517350.63	3166.2
352005.74	7517351.25	3167.32
352105.48	7517351.75	3167.72
352205.23	7517352.25	3166.77
352304.97	7517352.75	3164.07
352404.7	7517353.38	3160.39
352504.43	7517354.	3156.43
352604.16	7517354.5	3152.24
352703.88	7517355.	3147.53
352803.61	7517355.5	3142.26
352903.33	7517356.13	3136.71
353003.05	7517356.75	3132.82
353202.46	7517357.88	3134.63
353401.82	7517359.13	3129.75
353501.49	7517359.75	3123.28
353601.13	7517360.38	3115.22
354198.45	7517364.25	3081.46
354397.27	7517365.63	3080.91
354496.63	7517366.25	3080.72
354595.94	7517367.	3080.59
354695.2	7517367.75	3082.27
354794.43	7517368.25	3085.43
354893.61	7517368.88	3088.69
354992.73	7517369.63	3092.02
355091.8	7517370.25	3095.46
355190.83	7517370.63	3098.17
355391.33	7517375.31	3100.53
355491.16	7517377.06	3105.35
355885.59	7517377.38	3145.54
355984.12	7517377.56	3152.14
356082.8	7517377.88	3155.58
356181.68	7517378.38	3156.59
356280.71	7517378.94	3156.47
356381.09	7517378.69	3158.53
356483.06	7517376.69	3159.85
356585.16	7517374.13	3161.99
356686.32	7517371.5	3168.05
356786.19	7517369.	3177.19
356884.12	7517366.75	3191.3
356979.83	7517365.	3212.28
357074.34	7517363.88	3236.58
357168.78	7517363.13	3260.14
357263.61	7517362.5	3282.16
357359.11	7517362.	3302.47
357455.89	7517361.5	3318.77
357554.18	7517360.88	3329.11
357653.29	7517360.13	3335.68
357752.71	7517359.38	3340.94
357852.32	7517358.63	3345.54
351606.78	7517448.5	3160.29
351706.54	7517449.	3161.64
351806.3	7517449.5	3162.99
351906.04	7517450.	3164.17
352005.77	7517450.5	3164.68
352105.51	7517451.	3164.44
352205.23	7517451.5	3163.32
352304.97	7517452.	3161.13
352404.7	7517452.63	3158.11
352504.41	7517453.25	3154.56
352604.13	7517453.75	3150.55
352703.84	7517454.38	3145.81
352803.55	7517455.	3140.25
352903.26	7517455.5	3134.95
353302.	7517457.75	3136.32
353401.65	7517458.38	3132.53
353501.28	7517459.	3125.85
354198.01	7517463.38	3085.46
354297.41	7517464.13	3086.12
354396.76	7517464.75	3087.85
354496.07	7517465.25	3089.06
354595.35	7517466.	3090.54
354694.59	7517466.75	3093.81
354793.79	7517467.25	3097.96
354892.95	7517467.75	3101.4
354992.04	7517468.38	3103.81
355091.07	7517469.	3105.3
355291.62	7517473.	3105.08
355786.98	7517475.25	3138.69
355885.53	7517475.19	3148.61
355984.19	7517475.06	3156.62
356083.13	7517475.13	3160.98
356182.34	7517475.31	3162.81
356281.67	7517475.63	3163.9
356381.5	7517475.5	3165.96
356482.81	7517474.38	3169.63
356584.79	7517472.06	3171.74
356686.06	7517469.38	3176.32
356785.73	7517466.81	3184.75
356883.28	7517464.81	3197.61
356978.59	7517463.44	3216.92
357072.75	7517462.63	3239.87
357166.85	7517462.19	3263.07
357261.31	7517461.81	3285.77
357356.63	7517461.44	3306.77
357453.55	7517461.	3322.71
357551.99	7517460.38	3332.63
357651.18	7517459.63	3339.28
357750.73	7517458.94	3344.42
351407.3	7517547.	3155.61
351507.07	7517547.5	3157.75
351606.83	7517548.	3159.26
351706.58	7517548.5	3160.15
351806.33	7517549.	3160.7
351906.06	7517549.5	3160.76
352005.79	7517550.	3160.09
352105.52	7517550.5	3159.01
352205.23	7517551.	3157.65
352304.96	7517551.5	3155.62
352404.69	7517552.	3152.63
352504.39	7517552.5	3149.17
352604.09	7517553.	3145.86
353501.06	7517558.25	3127.16
353600.65	7517558.88	3118.44
354495.54	7517564.25	3098.48
354594.79	7517565.	3100.6
354694.01	7517565.75	3104.32
354793.19	7517566.25	3108.49
354892.32	7517566.75	3111.41
354991.39	7517567.13	3112.62
355090.4	7517567.5	3112.84
355191.05	7517569.94	3112.36
355291.95	7517572.44	3110.93
355885.7	7517573.06	3150.61
355984.46	7517572.69	3159.61
356083.55	7517572.44	3165.46
356182.95	7517572.31	3168.8
356282.58	7517572.13	3172.06
356382.58	7517571.88	3174.77
356483.21	7517571.06	3177.9
356585.08	7517569.44	3181.77
356686.32	7517566.94	3186.09
356785.69	7517564.5	3193.26
356882.47	7517562.88	3205.2
356977.17	7517561.94	3222.95
357071.01	7517561.38	3244.3
357164.8	7517561.06	3266.97
357258.92	7517560.94	3290.24
357354.08	7517560.75	3311.76
357451.04	7517560.38	3327.71
357549.48	7517559.81	3337.97
357648.73	7517559.13	3345.16
351008.23	7517644.5	3148.62
351108.03	7517645.	3149.05
351207.8	7517645.38	3150.76
351307.57	7517645.75	3153.09
351407.34	7517646.25	3155.3
351507.11	7517646.75	3156.76
351606.86	7517647.25	3157.07
351706.61	7517647.75	3156.74
351806.35	7517648.25	3156.26
351906.08	7517648.75	3155.43
352005.8	7517649.25	3154.21
352105.52	7517649.75	3152.87
352205.23	7517650.25	3151.18
352304.95	7517650.75	3148.19
352404.65	7517651.25	3143.73
352903.07	7517654.	3134.69
353102.38	7517655.13	3137.88
353401.26	7517656.88	3133.41
354693.45	7517664.5	3112.73
354792.6	7517665.	3116.2
354891.72	7517665.5	3118.36
354990.77	7517665.88	3119.06
355090.56	7517667.	3119.07
355191.33	7517669.25	3118.31
355291.6	7517670.75	3116.18
355490.57	7517671.75	3114.82
355589.61	7517671.75	3121.88
355688.4	7517671.5	3132.44
355787.14	7517671.13	3143.32
355885.91	7517670.75	3153.51
355984.77	7517670.25	3162.83
356083.87	7517669.75	3170.23
356183.31	7517669.25	3175.48
356283.07	7517668.75	3180.09
356383.31	7517668.13	3183.97
356484.09	7517667.25	3187.2
356585.41	7517665.81	3191.8
356687.4	7517663.88	3196.72
356786.2	7517661.94	3203.69
356881.64	7517660.94	3213.8
356975.55	7517660.44	3229.58
357068.93	7517660.13	3249.89
357162.28	7517660.06	3272.73
357256.12	7517660.13	3296.55
357351.36	7517660.	3317.8
357448.41	7517659.69	3333.39
357546.77	7517659.25	3344.32
357645.88	7517658.69	3352.93
350908.47	7517743.38	3156.21
351008.26	7517743.75	3153.35
351108.05	7517744.25	3151.07
351207.83	7517744.63	3150.91
351307.6	7517745.	3152.84
351407.37	7517745.5	3155.08
351507.13	7517746.	3155.77
351606.88	7517746.5	3154.21
351706.63	7517747.	3152.05
351806.36	7517747.5	3150.54
351906.08	7517748.	3149.26
352005.8	7517748.5	3147.96
352105.51	7517749.	3146.58
352205.22	7517749.5	3144.47
352304.92	7517750.	3140.32
353002.61	7517753.75	3134.22
353102.24	7517754.38	3135.36
353201.86	7517755.	3135.35
353301.47	7517755.5	3134.11
353401.05	7517756.13	3132.25
354692.91	7517763.25	3120.27
354792.05	7517763.75	3122.6
354891.15	7517764.13	3124.25
354990.19	7517764.5	3125.06
355090.8	7517766.44	3125.19
355191.67	7517768.44	3124.06
355291.29	7517769.	3121.03
355390.99	7517769.5	3117.6
355490.51	7517769.75	3118.15
355589.61	7517769.63	3125.33
355688.41	7517769.25	3136.46
355787.17	7517768.75	3147.82
355886.	7517768.25	3158.13
355984.86	7517767.63	3167.86
356083.8	7517766.94	3176.95
356183.14	7517766.19	3183.99
356282.94	7517765.5	3189.15
356383.14	7517764.75	3193.61
356483.75	7517763.69	3198.28
356585.03	7517762.31	3203.52
356687.38	7517760.44	3209.28
356787.	7517759.19	3213.89
351008.27	7517843.	3158.61
351108.06	7517843.5	3154.16
351207.84	7517844.	3151.57
351307.62	7517844.5	3152.4
351407.38	7517845.	3154.77
351507.15	7517845.5	3155.58
351606.89	7517846.	3153.16
351706.63	7517846.5	3149.47
351806.36	7517847.	3146.5
351906.08	7517847.5	3144.11
352005.79	7517848.	3142.11
352105.48	7517848.38	3140.23
352205.18	7517848.75	3137.83
353102.09	7517853.63	3132.68
353201.69	7517854.25	3133.11
353301.27	7517854.75	3133.42
354692.4	7517862.13	3128.15
354890.61	7517862.88	3130.71
354990.36	7517863.81	3131.64
355091.02	7517865.44	3131.8
355191.23	7517866.5	3130.46
355290.92	7517867.	3126.88
355490.44	7517867.75	3122.32
355589.63	7517867.5	3129.15
355688.45	7517866.94	3140.65
355787.16	7517866.31	3152.66
355885.89	7517865.69	3163.9
356083.18	7517864.13	3186.12
356381.97	7517861.88	3204.49
356482.04	7517860.81	3210.3
356582.53	7517859.63	3216.86
356684.62	7517858.19	3221.5
351108.08	7517943.	3160.01
351207.86	7517943.5	3156.47
351307.63	7517944.	3155.45
351407.39	7517944.38	3156.05
351507.15	7517944.75	3156.15
351606.88	7517945.25	3153.86
351706.62	7517945.75	3149.95
351806.34	7517946.25	3146.11
351906.06	7517946.75	3142.9
352005.77	7517947.25	3140.3
352105.45	7517947.63	3137.62
352205.14	7517948.	3134.38
352703.46	7517950.75	3128.26
352902.71	7517951.75	3131.71
353002.33	7517952.25	3133.15
353101.93	7517952.75	3134.89
353201.5	7517953.25	3136.66
353301.06	7517953.75	3138.65
353400.61	7517954.38	3140.79
353500.13	7517955.	3142.28
355390.41	7517965.44	3129.59
355490.36	7517965.63	3126.97
355589.84	7517965.44	3131.25
355688.8	7517964.88	3141.7
355787.44	7517964.13	3154.54
355885.84	7517963.31	3168.17
356180.99	7517960.75	3205.22
356280.39	7517960.06	3210.98
356379.98	7517959.38	3215.76
356479.49	7517958.56	3221.76
356578.98	7517957.75	3228.98
351108.08	7518042.5	3171.15
351207.85	7518042.88	3169.66
351307.62	7518043.25	3167.13
351407.38	7518043.63	3163.99
351507.13	7518044.	3160.32
351606.87	7518044.5	3156.29
351706.59	7518045.	3152.26
351806.31	7518045.5	3148.62
351906.03	7518046.	3145.79
352005.73	7518046.5	3143.79
352105.41	7518047.	3141.59
352205.09	7518047.38	3138.4
352603.71	7518049.25	3130.31
352703.34	7518049.75	3131.95
352802.96	7518050.25	3134.37
352902.57	7518050.88	3137.04
353002.17	7518051.5	3139.89
353101.75	7518052.	3142.62
353201.31	7518052.5	3144.99
353300.86	7518053.	3147.29
353400.38	7518053.63	3149.33
353499.88	7518054.25	3150.58
353599.35	7518054.75	3151.13
353996.95	7518056.75	3153.47
354096.27	7518057.25	3154
354691.5	7518059.5	3146.87
354990.61	7518061.69	3146.93
355090.61	7518062.38	3147.26
355590.13	7518063.31	3132.63
355689.46	7518062.88	3140.11
355788.04	7518062.06	3153.34
355886.12	7518061.13	3169.39
356278.71	7518057.94	3219.64
356377.7	7518057.31	3225.6
356476.62	7518056.88	3232.06
351207.84	7518142.13	3188.45
351307.6	7518142.5	3184.09
351407.36	7518143.	3176.9
351507.11	7518143.5	3168.34
351606.84	7518144.	3161.18
351706.56	7518144.38	3156.08
351806.28	7518144.75	3152.37
351905.99	7518145.25	3150.27
352005.69	7518145.75	3149.79
352105.36	7518146.25	3149.74
352205.02	7518146.63	3148.31
352304.69	7518147.	3144.24
352404.33	7518147.5	3139.45
352503.97	7518148.	3137.4
352603.6	7518148.5	3138.21
352703.22	7518149.	3140.27
352802.83	7518149.5	3143
352902.42	7518150.13	3146.15
353002.	7518150.75	3149.33
353101.56	7518151.25	3152.16
353201.12	7518151.75	3154.62
353300.64	7518152.25	3156.82
353400.15	7518152.75	3158.5
353499.64	7518153.25	3159.6
353599.09	7518153.75	3160.58
353797.92	7518154.75	3162.68
353897.29	7518155.25	3163.44
353996.63	7518155.75	3164.01
354095.93	7518156.13	3163.97
354691.11	7518158.13	3156.14
354790.2	7518158.38	3155.41
354890.34	7518159.38	3154.69
354990.63	7518160.31	3154.34
355090.02	7518160.5	3154.62
355189.5	7518160.69	3154.18
355289.28	7518160.88	3150.86
355489.77	7518161.13	3138.88
356277.21	7518156.13	3225.99
356375.33	7518155.69	3234.51
351307.58	7518242.	3198.63
351407.33	7518242.38	3188.08
351507.08	7518242.75	3176.38
351606.81	7518243.25	3167.38
351706.53	7518243.63	3161.22
351806.24	7518244.	3157.12
351905.94	7518244.5	3155.84
352005.63	7518245.	3157.12
352105.3	7518245.38	3159.05
352204.95	7518245.75	3158.74
352304.6	7518246.25	3154.55
352404.23	7518246.75	3149.17
352503.87	7518247.25	3146.97
352603.48	7518247.75	3148.19
352703.09	7518248.25	3150.62
352802.69	7518248.75	3153.69
352902.27	7518249.25	3157.22
353001.83	7518249.75	3160.54
353101.38	7518250.25	3163.36
353200.91	7518250.75	3165.98
353300.42	7518251.25	3168.05
353399.91	7518251.75	3169.15
353499.39	7518252.25	3169.97
353598.84	7518252.75	3171.07
353797.63	7518253.75	3172.76
353896.98	7518254.25	3172.93
353996.31	7518254.63	3173.12
354095.61	7518254.88	3173.37
354194.88	7518255.25	3172.88
354294.12	7518255.75	3171.22
354393.33	7518256.13	3168.68
354492.5	7518256.38	3166.38
354591.64	7518256.63	3165.03
354790.21	7518257.38	3162.8
354890.24	7518258.13	3161.77
354990.05	7518258.56	3161.26
355089.45	7518258.69	3161.16
355188.98	7518258.81	3160.04
355288.79	7518258.94	3156.44
351307.55	7518341.25	3211.23
351407.3	7518341.63	3198.63
351507.04	7518342.	3185.05
351606.77	7518342.5	3174.16
351706.48	7518342.88	3166.98
351806.19	7518343.25	3162.64
351905.88	7518343.75	3161.68
352005.55	7518344.25	3163.95
352105.22	7518344.63	3167.07
352204.88	7518345.	3167.59
352304.52	7518345.5	3164.18
352404.14	7518346.	3159.74
352503.76	7518346.5	3157.96
352603.36	7518346.88	3159.15
352702.95	7518347.25	3161.97
352802.54	7518347.75	3166.18
352902.11	7518348.25	3170.97
353001.66	7518348.75	3174.83
353101.2	7518349.25	3177.42
353200.7	7518349.75	3179.43
353300.2	7518350.25	3180.61
353399.69	7518350.75	3180.82
353499.15	7518351.25	3181.12
353598.58	7518351.75	3181.8
353697.98	7518352.25	3182.15
353797.34	7518352.63	3181.87
353896.69	7518353.	3181.41
353996.02	7518353.38	3181.63
354095.3	7518353.75	3182.67
354194.56	7518354.13	3183.05
354293.8	7518354.5	3181.43
354393.	7518354.88	3178.26
354492.18	7518355.13	3175.05
354690.44	7518355.5	3171.51
354790.18	7518356.19	3170.31
354890.05	7518356.69	3169.28
354989.41	7518356.81	3168.62
355088.84	7518356.88	3167.75
355188.44	7518356.94	3165.57
355288.27	7518357.	3161.68
351407.25	7518441.	3210.83
351506.98	7518441.38	3196.16
351606.7	7518441.75	3182.64
351706.41	7518442.13	3173.5
351806.11	7518442.5	3168.5
351905.8	7518443.	3167.05
352005.47	7518443.38	3169.14
352105.13	7518443.75	3172.88
352204.77	7518444.25	3174.71
352304.41	7518444.75	3173.24
352404.03	7518445.25	3170.71
352503.64	7518445.75	3169.85
352603.23	7518446.13	3171.23
352702.82	7518446.5	3174.69
352802.39	7518447.	3180.46
352901.95	7518447.38	3186.66
353001.48	7518447.75	3190.53
353101.	7518448.25	3191.81
353200.5	7518448.75	3192.18
353299.99	7518449.25	3192.29
353399.46	7518449.75	3192.08
353498.91	7518450.25	3191.98
353598.33	7518450.75	3191.88
353697.72	7518451.13	3191.34
353797.08	7518451.38	3190.6
353896.41	7518451.75	3190.84
353995.73	7518452.25	3192.67
354095.02	7518452.63	3194.89
354194.27	7518452.88	3195.22
354293.5	7518453.13	3192.65
354392.71	7518453.5	3188.57
354491.9	7518453.75	3184.34
354591.05	7518453.88	3181.12
354690.18	7518454.13	3179.67
354789.71	7518454.56	3178.87
354889.36	7518454.88	3177.89
354988.71	7518454.94	3176.73
355088.17	7518455.06	3174.92
355187.8	7518455.13	3171.91
351407.18	7518540.25	3223.95
351506.91	7518540.63	3209.35
351606.63	7518541.	3194.36
351706.34	7518541.38	3182.56
351806.02	7518541.75	3175.79
351905.7	7518542.25	3173.41
352005.38	7518542.63	3174.64
352105.03	7518543.	3177.89
352204.67	7518543.5	3180.17
352304.29	7518543.88	3180.68
352403.91	7518544.25	3181.04
352503.51	7518544.75	3182.2
352603.09	7518545.25	3184.28
352702.67	7518545.75	3188.14
352802.23	7518546.25	3194.63
352901.77	7518546.63	3201.14
353001.3	7518546.88	3203.75
353100.8	7518547.25	3202.93
353200.3	7518547.75	3201.82
353299.78	7518548.25	3201.54
353399.23	7518548.75	3201.47
353498.66	7518549.25	3201.17
353598.08	7518549.63	3200.54
353697.47	7518549.88	3199.94
353796.83	7518550.25	3200.46
353896.16	7518550.75	3203.24
353995.47	7518551.13	3207.65
354094.77	7518551.38	3210.76
354194.02	7518551.63	3209.81
354293.24	7518551.88	3205.23
354392.45	7518552.13	3199.5
354491.65	7518552.38	3193.71
354590.81	7518552.63	3189.29
354689.95	7518552.75	3187.73
354789.27	7518552.94	3187.42
354888.67	7518553.13	3186.43
354988.02	7518553.13	3184.66
355087.47	7518553.19	3182.26
351506.83	7518639.88	3222.64
351606.54	7518640.25	3208.63
351706.24	7518640.63	3195
351805.93	7518641.	3185.69
351905.61	7518641.38	3182.22
352005.27	7518641.75	3182.56
352104.92	7518642.25	3184.52
352204.56	7518642.75	3186.73
352304.17	7518643.13	3189.2
352403.77	7518643.38	3192.42
352503.37	7518643.75	3195.49
352602.95	7518644.25	3198.22
352702.51	7518644.75	3202.18
352802.05	7518645.25	3208.26
352901.58	7518645.75	3213.43
353001.1	7518646.	3214.03
353100.6	7518646.25	3211.6
353200.09	7518646.75	3209.71
353299.56	7518647.25	3209.01
353399.02	7518647.75	3208.6
353498.44	7518648.13	3208.16
353597.84	7518648.38	3208.26
353697.22	7518648.75	3209.87
353796.58	7518649.25	3213.52
353895.91	7518649.63	3218.82
353995.23	7518649.88	3224.3
354094.52	7518650.13	3226.68
354193.78	7518650.38	3223.65
354293.02	7518650.63	3217.16
354392.23	7518650.88	3209.88
354491.42	7518651.13	3202.59
354590.6	7518651.25	3197.11
354689.68	7518651.25	3195.16
354788.78	7518651.31	3195.06
354888.02	7518651.38	3194.18
354987.32	7518651.38	3192.21
351506.75	7518739.13	3234.59
351606.45	7518739.5	3222.53
351706.14	7518739.88	3209.26
351805.83	7518740.25	3198.52
351905.51	7518740.63	3194.12
352005.16	7518741.	3193.97
352104.8	7518741.38	3195.44
352204.43	7518741.75	3198.05
352304.04	7518742.25	3201.68
352403.63	7518742.63	3205.86
352503.22	7518742.88	3209.54
352602.8	7518743.25	3212.82
352702.34	7518743.75	3217.02
352801.88	7518744.25	3222.29
352901.4	7518744.75	3225.89
353000.91	7518745.	3225.41
353100.41	7518745.25	3222.86
353199.88	7518745.75	3220.66
353299.34	7518746.25	3218.69
353398.8	7518746.75	3216.76
353498.22	7518747.	3215.86
353597.61	7518747.25	3217.96
353696.98	7518747.75	3223.58
353796.34	7518748.13	3230.55
353895.69	7518748.38	3236.83
353995.	7518748.63	3241.54
354094.29	7518748.88	3241.92
354193.56	7518749.13	3236.34
354292.81	7518749.38	3228.08
354392.03	7518749.63	3219.84
354491.23	7518749.75	3211.96
354590.42	7518749.75	3205.92
354689.33	7518749.69	3203.15
354788.21	7518749.69	3202.53
354887.37	7518749.75	3201.77
351606.34	7518838.75	3234.82
351706.03	7518839.13	3223.67
351805.72	7518839.38	3213.96
351905.39	7518839.75	3209.24
352005.03	7518840.25	3208.72
352104.66	7518840.63	3210.62
352204.29	7518840.88	3213.68
352303.9	7518841.25	3217.1
352403.49	7518841.75	3220.63
352503.07	7518842.13	3224.13
352602.63	7518842.38	3227.97
352702.17	7518842.75	3232.57
352801.7	7518843.25	3237.5
352901.22	7518843.75	3241.06
353000.72	7518844.	3241.75
353100.21	7518844.25	3240.59
353199.68	7518844.75	3238.58
353299.13	7518845.25	3235.42
353398.58	7518845.63	3231.9
353498.	7518845.88	3230.53
353597.4	7518846.25	3233.98
353696.77	7518846.63	3241.69
353796.13	7518846.88	3249.74
353895.48	7518847.13	3255.55
353994.79	7518847.38	3258.8
354094.09	7518847.63	3257.52
354193.37	7518847.88	3250.13
354292.63	7518848.13	3240.03
354391.86	7518848.25	3230.79
354491.07	7518848.25	3222.98
354590.27	7518848.25	3216.96
354688.95	7518848.13	3212.72
351606.23	7518938.	3246.38
351705.91	7518938.38	3238.61
351805.59	7518938.63	3231.86
351905.26	7518939.	3227.57
352004.9	7518939.38	3226.39
352104.53	7518939.75	3227.96
352204.15	7518940.13	3230.67
352303.75	7518940.38	3233.46
352403.34	7518940.75	3236.28
352502.91	7518941.25	3239.57
352602.46	7518941.5	3243.83
352702.	7518941.75	3248.75
352801.52	7518942.25	3253.78
352901.03	7518942.75	3258.28
353000.53	7518943.	3261.1
353100.02	7518943.25	3261.62
353199.48	7518943.75	3260.21
353298.94	7518944.13	3257.44
353398.38	7518944.38	3254.4
353497.8	7518944.75	3253.46
353597.2	7518945.13	3256.31
353696.57	7518945.38	3262.16
353795.94	7518945.63	3268.33
353895.29	7518945.88	3272.46
353994.61	7518946.13	3274.43
354093.91	7518946.38	3272.82
354193.19	7518946.63	3265.16
354292.46	7518946.75	3253.89
354391.72	7518946.75	3243.65
354490.95	7518946.88	3235.33
351705.79	7519037.63	3254.84
351805.46	7519037.88	3251.91
351905.12	7519038.25	3248.91
352004.76	7519038.63	3247.15
352104.39	7519038.88	3247.05
352204.	7519039.25	3247.97
352303.59	7519039.5	3249.72
352403.18	7519039.75	3252.12
352502.74	7519040.25	3255.48
352602.29	7519040.63	3260.09
352701.83	7519040.88	3265.21
352801.35	7519041.25	3270.22
352900.86	7519041.75	3274.95
353000.35	7519042.	3278.7
353099.83	7519042.25	3280.26
353199.3	7519042.75	3279.62
353298.75	7519043.	3278.2
353398.18	7519043.25	3277.65
353497.6	7519043.63	3278.76
354093.76	7519045.13	3287.43
354193.05	7519045.25	3279.24
354292.33	7519045.38	3268.3
351705.65	7519136.75	3271.14
352004.61	7519137.75	3267.96
352104.23	7519138.	3266.31
352203.84	7519138.25	3265.32
352303.44	7519138.63	3265.91
352403.02	7519138.88	3267.88
352502.58	7519139.25	3271.21
352602.13	7519139.75	3275.81
352701.65	7519140.	3280.65
352801.17	7519140.25	3285.05
352900.69	7519140.63	3289.39
353000.17	7519140.88	3293.45
353099.64	7519141.25	3295.79
353199.11	7519141.63	3295.79
353298.56	7519141.88	3295.53
351805.16	7519236.25	3286.24
351904.81	7519236.5	3284.62
352104.07	7519237.13	3282.23
352203.67	7519237.38	3281.53
352303.27	7519237.75	3281.82
352402.84	7519238.	3283.06
352502.41	7519238.25	3285.59
352601.95	7519238.75	3289.37
352701.48	7519239.	3292.98
352800.99	7519239.25	3295.79
352900.5	7519239.5	3299.8
352999.98	7519239.75	3305.14
353099.45	7519240.13	3309.66
352004.28	7519335.88	3292.69
352103.9	7519336.25	3293.35
352203.5	7519336.5	3294.76
352303.09	7519336.75	3295.86
352402.66	7519337.	3296.67
352502.22	7519337.25	3298.27
352601.77	7519337.63	3300.8
352701.3	7519337.88	3302.99
352800.81	7519338.25	3304.66
352900.31	7519338.5	3307.91
352004.1	7519435.	3299.36
352103.72	7519435.25	3301.8
352203.33	7519435.5	3305.37
352302.91	7519435.75	3307.95
352402.47	7519436.	3309.42
352003.92	7519534.	3303.32
352103.52	7519534.25	3307.44
352203.13	7519534.5	3313.52
359006.85	7521923.05	2911.78
358403.81	7522027.17	2911.78
358505.02	7522026.42	2911.78
358606.2	7522025.67	2911.78
358707.3	7522025.05	2911.78
358808.27	7522024.42	2911.78
359009.74	7522023.05	2911.78
358202.66	7522129.05	2911.78
359012.48	7522123.3	2911.78
358102.34	7522230.3	2911.78
359015.01	7522223.55	2911.78
361273.44	7524116.02	3352.93
361370.58	7524215.15	3352.93
361464.65	7524414.33	3352.93
361561.24	7524513.52	3352.93
361460.09	7524614.02	3352.93
361559.44	7524613.46	3352.93
361658.92	7524612.83	3352.93
353797.91	7525705.27	3352.93
353897.71	7525705.77	3352.93
353698.15	7525804.15	3352.93
353797.95	7525903.77	3352.93
354694.16	7527495.52	3352.93
355192.15	7527496.77	3352.93
354793.6	7527594.77	3352.93
354893.2	7527595.02	3352.93
354992.81	7527595.27	3352.93
358868.99	7522237.877	2911.78
358787.7	7522130.1	2911.78
358927.22	7522100.158	2911.78
353598.15	7521823.15	3352.93
361278.19	7524469.34	3352.93
358688.59	7522139.152	2911.78
354862.	7527479.69	3352.93
358235.5	7522304.068	2911.78
354970.77	7527416.44	3352.93
358433.34	7522213.408	2911.78
358679.04	7522266.831	2911.78
358576.57	7522134.339	2911.78
359006.85	7521923.05	2911.78
358403.81	7522027.17	2911.78
358505.02	7522026.42	2911.78
358606.2	7522025.67	2911.78
358707.3	7522025.05	2911.78
358808.27	7522024.42	2911.78
359009.74	7522023.05	2911.78
358202.66	7522129.05	2911.78
359012.48	7522123.3	2911.78
358102.34	7522230.3	2911.78
359015.01	7522223.55	2911.78
361273.44	7524116.02	3352.93
361370.58	7524215.15	3352.93
361464.65	7524414.33	3352.93
361561.24	7524513.52	3352.93
361460.09	7524614.02	3352.93
361559.44	7524613.46	3352.93
361658.92	7524612.83	3352.93
353797.91	7525705.27	3352.93
353897.71	7525705.77	3352.93
353698.15	7525804.15	3352.93
353797.95	7525903.77	3352.93
354694.16	7527495.52	3352.93
355192.15	7527496.77	3352.93
354793.6	7527594.77	3352.93
354893.2	7527595.02	3352.93
354992.81	7527595.27	3352.93
358868.99	7522237.877	2911.78
358787.7	7522130.1	2911.78
358927.22	7522100.158	2911.78
353598.15	7521823.15	3352.93
361278.19	7524469.34	3352.93
358688.59	7522139.152	2911.78
354862.	7527479.69	3352.93
358235.5	7522304.068	2911.78
354970.77	7527416.44	3352.93
358433.34	7522213.408	2911.78
358679.04	7522266.831	2911.78
358576.57	7522134.339	2911.78