5408.7 100
4805.66 204.12
4906.87 203.37
5008.05 202.62
5109.15 202
5210.12 201.37
5411.59 200
5414.33 300.25
7385.39 1995.56
7481.81 2094.62
7578.39 2193.75
7675.29 2292.87
7772.43 2392
7866.5 2591.18
7963.09 2690.37
7861.94 2790.87
7961.29 2790.31
8060.77 2789.68
7661.66 2892.18
7559.92 2992.87
7456.12 3193.43
199.76 3882.12
299.56 3882.62
399.33 3883
100 3981
199.8 4080.62
299.61 4280.12
399.37 4379.75
1195.45 5771.62
1295.05 5771.87
1394.66 5772.12
5329.07 277.108
0 0
381.293 4044.29
7680.04 2646.19
7497 2550.78
7393.84 2409.73
7543.5 2324.39
7628.14 2469.47
7410.94 2946.12
7389.23 2131.88
7398.08 2233.4
7528.4 2796.22
5408.7 100
4805.66 204.12
4906.87 203.37
5008.05 202.62
5109.15 202
5210.12 201.37
5411.59 200
5414.33 300.25
7385.39 1995.56
7481.81 2094.62
7578.39 2193.75
7675.29 2292.87
7772.43 2392
7866.5 2591.18
7963.09 2690.37
7861.94 2790.87
7961.29 2790.31
8060.77 2789.68
7661.66 2892.18
7559.92 2992.87
7456.12 3193.43
199.76 3882.12
299.56 3882.62
399.33 3883
100 3981
199.8 4080.62
299.61 4280.12
399.37 4379.75
1195.45 5771.62
1295.05 5771.87
1394.66 5772.12
5329.07 277.108
0 0
381.293 4044.29
7680.04 2646.19
7497 2550.78
7393.84 2409.73
7543.5 2324.39
7628.14 2469.47
7410.94 2946.12
7389.23 2131.88
7398.08 2233.4
7528.4 2796.22